20 20 210 -1
0 0    1.0828864476260923e+01
1 0    1.6627011669737349e-01
2 0    3.9390600531964565e-01
3 0    5.2075748437407210e-01
4 0    7.1812397228036695e-01
5 0    5.6918951876742652e-01
6 0    4.6080617332598611e-01
7 0    4.4530705340682281e-01
8 0    8.7744606123989974e-02
9 0    4.4348321523342715e-01
10 0    3.6629984599465693e-01
11 0    3.0253381852374750e-01
12 0    8.5184469733234425e-01
13 0    7.5947938787995917e-01
14 0    9.4975928462912151e-01
15 0    5.5793850904665054e-01
16 0    1.4233015923299758e-02
17 0    5.9617708449161588e-01
18 0    8.1620570916196344e-01
19 0    9.7709235484151213e-01
1 1    1.0703683667405754e+01
2 1    5.2206091530257359e-01
3 1    9.3289705665171452e-01
4 1    7.1335444351185007e-01
5 1    2.2803890292789866e-01
6 1    4.4964210466929955e-01
7 1    1.7219969548301112e-01
8 1    9.6882014323575005e-01
9 1    3.5571610445703727e-01
10 1    4.9046828129675493e-02
11 1    7.5533857179174146e-01
12 1    8.9481276347670524e-01
13 1    2.8614965045487595e-01
14 1    2.5120054628267946e-01
15 1    9.3273619135768959e-01
16 1    1.3098246912364711e-01
17 1    9.4081954229381648e-01
18 1    7.0185317357047861e-01
19 1    8.4767646817946229e-01
2 2    1.0081073725242863e+01
3 2    8.5112240092385527e-01
4 2    5.6204867652388890e-01
5 2    3.1929629639523355e-01
6 2    3.7489926144760016e-01
7 2    8.6779569791162192e-01
8 2    3.7217624011919598e-01
9 2    7.3690055674807853e-02
10 2    1.9983799570814031e-01
11 2    4.9493279663685920e-02
12 2    5.6670977912370901e-01
13 2    1.2192474984542775e-01
14 2    5.2211176356215638e-01
15 2    1.1706015233299684e-01
16 2    7.6991847758366450e-01
17 2    3.7505579665969407e-01
18 2    8.2338720365026685e-01
19 2    4.6636145523160005e-02
3 3    1.0888832610299779e+01
4 3    1.0158547811275216e-01
5 3    6.5314506690484261e-02
6 3    2.3429973330715084e-01
7 3    9.3309841844843300e-01
8 3    6.3127895952154789e-02
9 3    2.6421766372715083e-01
10 3    9.9953167426624789e-01
11 3    2.1198796251531971e-01
12 3    4.9840979856342693e-01
13 3    2.9048829522795455e-01
14 3    6.7275441092501320e-01
15 3    9.5799111990519625e-01
16 3    7.6655153443549362e-01
17 3    6.6612373773870170e-01
18 3    1.3094482209900518e-01
19 3    9.5413016476532525e-02
4 4    1.0017362693037738e+01
5 4    8.1939293234216737e-01
6 4    6.2113870578821806e-01
7 4    5.6022204096292716e-01
8 4    2.4403153400252417e-01
9 4    8.2200758848706146e-01
10 4    2.6321192795728909e-01
11 4    7.5363453438567241e-01
12 4    6.5964479880693561e-01
13 4    2.1406285585091356e-01
14 4    6.0211690829173425e-01
15 4    6.0493711005296258e-01
16 4    6.5950154816523943e-01
17 4    1.8336363250440038e-01
18 4    6.3654690532822589e-01
19 4    1.7030911013060870e-01
5 5    1.0012890500224332e+01
6 5    3.1040222606741724e-01
7 5    7.7907924748677093e-01
8 5    3.0729608492168475e-01
9 5    9.2667831063831263e-01
10 5    6.7871987585443028e-01
11 5    7.4321492884507928e-02
12 5    7.0669191350871963e-02
13 5    1.1930466685210063e-02
14 5    2.2715371505134332e-01
15 5    5.1625199691968227e-01
16 5    4.5820421532939815e-01
17 5    7.0320333825398373e-01
18 5    5.8248387501619503e-01
19 5    5.0920600181455999e-01
6 6    1.0638193219108748e+01
7 6    9.8656686410091132e-01
8 6    5.0287580358404493e-01
9 6    9.4770337680214034e-01
10 6    8.2802584180592098e-01
11 6    9.1755720321905709e-01
12 6    1.1307982912594425e-01
13 6    8.1212590605904744e-01
14 6    9.0826256310674558e-01
15 6    1.5637611939242280e-01
16 6    1.2211876667334609e-01
17 6    7.6266646976276631e-01
18 6    7.2180028451675837e-01
19 6    6.5163981658873005e-01
7 7    1.0081163704090784e+01
8 7    8.5056678324538559e-01
9 7    3.4020344729272728e-01
10 7    4.6615497822011931e-01
11 7    9.1376323973697748e-01
12 7    2.2857670585213571e-01
13 7    8.6204490014984103e-01
14 7    6.5661853567588124e-01
15 7    8.9118280244590231e-01
16 7    4.8814351823995339e-01
17 7    9.9264564668050836e-01
18 7    3.7332594054433460e-01
19 7    5.3137831784105283e-01
8 8    1.0565053870854726e+01
9 8    9.6916627244252784e-01
10 8    2.3743870879300584e-02
11 8    8.7021582204421788e-01
12 8    2.6876592776195137e-02
13 8    5.1952868837486621e-01
14 8    1.9229142067788171e-01
15 8    7.1568904675752243e-01
16 8    2.5067278128817672e-01
17 8    9.3386481580036262e-01
18 8    1.3718931253681468e-01
19 8    5.2162233919648715e-01
9 9    1.0398703051314406e+01
10 9    3.5841851601708635e-01
11 9    2.8527941216950670e-01
12 9    8.6863524403497172e-01
13 9    6.2641267463760963e-01
14 9    2.4117230851775071e-01
15 9    9.7808165298099614e-01
16 9    6.4050078004385291e-01
17 9    2.2984864742274147e-01
18 9    6.8133515496333175e-01
19 9    6.6582340850119059e-01
10 10    1.0276029663419571e+01
11 10    3.6845815320189301e-01
12 10    1.2886305580264072e-02
13 10    8.8920608445677685e-01
14 10    8.6602060197295894e-01
15 10    2.5424693462367304e-01
16 10    5.6948059670006301e-01
17 10    1.5926481806619747e-01
18 10    5.9436441620672609e-01
19 10    3.3110008113957534e-01
11 11    1.0379817749631686e+01
12 11    4.4158548534907754e-01
13 11    4.8305999359285262e-01
14 11    6.0810565644665826e-01
15 11    1.7599564133654022e-01
16 11    2.0255609842504785e-03
17 11    7.9022400217775857e-01
18 11    5.1360850166113969e-01
19 11    2.1322937650819915e-01
12 12    1.0733996316816121e+01
13 12    4.1090418242429461e-01
14 12    3.9979384565321358e-01
15 12    5.0552220730513309e-01
16 12    1.6930585909427961e-01
17 12    5.2474549024217632e-01
18 12    6.4120266333361520e-01
19 12    1.6197483974405034e-02
13 13    1.0880705331839906e+01
14 13    4.7968680568841887e-01
15 13    5.6081672777542579e-01
16 13    6.1590865550273199e-01
17 13    6.6189901492686420e-01
18 13    6.1663323497942502e-01
19 13    6.8514000022586508e-01
14 14    1.0454560938047088e+01
15 14    9.0494922003893707e-01
16 14    2.8215885111885747e-01
17 14    6.5034353882859261e-02
18 14    4.7659188533922986e-01
19 14    9.8371191819526205e-01
15 15    1.0907035040900745e+01
16 15    7.5856859902288065e-01
17 15    3.8072993767739627e-01
18 15    3.3111078589843390e-01
19 15    5.0407844366520138e-01
16 16    1.0629085550981520e+01
17 16    7.9261032066378290e-01
18 16    4.4864920509188760e-01
19 16    5.2435710756868714e-01
17 17    1.0298798787847662e+01
18 17    6.7243639077270467e-01
19 17    9.3825747990821540e-01
18 18    1.0813305524704429e+01
19 18    9.2382979384605568e-01
19 19    1.0333312652405771e+01
