5 50 68 0
1 0 0.0157598
4 0 0.314217
3 2 0.804872
4 2 0.365078
0 3 0.451425
2 6 0.153606
2 8 0.675645
2 9 0.699213
1 10 0.0163549
2 10 0.727509
3 10 0.908398
0 11 0.0438953
4 12 0.39324
3 13 0.231894
4 13 0.591525
1 14 0.190075
4 14 0.119747
3 15 0.239313
1 16 0.586918
4 16 0.0381288
2 18 0.478384
4 18 0.458598
2 20 0.554842
0 21 0.0271851
2 21 0.121047
3 21 0.0497545
3 22 0.0783841
3 23 0.640815
4 23 0.869867
0 24 0.312685
3 25 0.190887
0 26 0.0128626
4 26 0.934237
1 27 0.0575811
1 28 0.367568
3 28 0.843869
4 28 0.264449
1 29 0.631451
1 30 0.717634
1 31 0.692669
4 31 0.1603
1 32 0.0840791
2 32 0.450754
0 33 0.383967
1 34 0.454355
2 34 0.715883
3 34 0.1739
4 35 0.872855
0 36 0.683116
2 36 0.892842
4 37 0.23788
0 38 0.0928425
2 38 0.273102
0 39 0.0353383
1 39 0.441828
2 39 0.254769
3 39 0.170793
1 41 0.35325
2 43 0.865603
3 43 0.994295
4 44 0.645831
4 46 0.966887
2 47 0.23235
0 48 0.612395
3 48 0.439791
4 48 0.664931
0 49 0.60854
3 49 0.340048
