27 51 102 0
2 0    1.0000000000000000e+00
3 1    1.0000000000000000e+00
6 2    1.0000000000000000e+00
7 3    1.0000000000000000e+00
8 4    1.0000000000000000e+00
9 5    1.0000000000000000e+00
12 6    1.0000000000000000e+00
13 7    1.0000000000000000e+00
16 8    1.0000000000000000e+00
17 9    1.0000000000000000e+00
18 10    1.0000000000000000e+00
19 11    1.0000000000000000e+00
20 12    1.0000000000000000e+00
21 13    1.0000000000000000e+00
22 14    1.0000000000000000e+00
23 15    1.0000000000000000e+00
24 16    1.0000000000000000e+00
25 17    1.0000000000000000e+00
26 18    1.0000000000000000e+00
0 19   -1.0000000000000000e+00
1 19   -1.0600000000000001e+00
2 19    1.0000000000000000e+00
23 19    3.0099999999999999e-01
0 20    1.0000000000000000e+00
3 20   -1.0000000000000000e+00
0 21    1.0000000000000000e+00
21 21   -1.0000000000000000e+00
1 22    1.0000000000000000e+00
25 22    1.0000000000000000e+00
4 23   -1.0000000000000000e+00
5 23   -1.0600000000000001e+00
6 23    1.0000000000000000e+00
24 23    3.0099999999999999e-01
4 24   -1.0000000000000000e+00
5 24   -1.0600000000000001e+00
7 24    1.0000000000000000e+00
24 24    3.1300000000000000e-01
4 25   -1.0000000000000000e+00
5 25   -9.5999999999999996e-01
8 25    1.0000000000000000e+00
24 25    3.1300000000000000e-01
4 26   -1.0000000000000000e+00
5 26   -8.5999999999999999e-01
9 26    1.0000000000000000e+00
24 26    3.2600000000000001e-01
6 27   -1.0000000000000000e+00
20 27    2.3639999999999999e+00
7 28   -1.0000000000000000e+00
20 28    2.3860000000000001e+00
8 29   -1.0000000000000000e+00
20 29    2.4079999999999999e+00
9 30   -1.0000000000000000e+00
20 30    2.4289999999999998e+00
3 31    1.3999999999999999e+00
4 31    1.0000000000000000e+00
4 32    1.0000000000000000e+00
22 32   -1.0000000000000000e+00
5 33    1.0000000000000000e+00
26 33    1.0000000000000000e+00
10 34   -1.0000000000000000e+00
11 34   -4.2999999999999999e-01
12 34    1.0000000000000000e+00
21 34    1.0900000000000000e-01
10 35    1.0000000000000000e+00
13 35   -1.0000000000000000e+00
10 36    1.0000000000000000e+00
23 36   -1.0000000000000000e+00
10 37    1.0000000000000000e+00
20 37   -1.0000000000000000e+00
11 38    1.0000000000000000e+00
25 38    1.0000000000000000e+00
14 39   -4.2999999999999999e-01
15 39    1.0000000000000000e+00
16 39    1.0000000000000000e+00
22 39    1.0900000000000000e-01
14 40   -4.2999999999999999e-01
15 40    1.0000000000000000e+00
17 40    1.0000000000000000e+00
22 40    1.0800000000000000e-01
14 41   -3.9000000000000001e-01
15 41    1.0000000000000000e+00
18 41    1.0000000000000000e+00
22 41    1.0800000000000000e-01
14 42   -3.7000000000000000e-01
15 42    1.0000000000000000e+00
19 42    1.0000000000000000e+00
22 42    1.0700000000000000e-01
16 43   -1.0000000000000000e+00
20 43    2.1909999999999998e+00
17 44   -1.0000000000000000e+00
20 44    2.2189999999999999e+00
18 45   -1.0000000000000000e+00
20 45    2.2490000000000001e+00
19 46   -1.0000000000000000e+00
20 46    2.2789999999999999e+00
13 47    1.3999999999999999e+00
15 47   -1.0000000000000000e+00
15 48    1.0000000000000000e+00
24 48   -1.0000000000000000e+00
14 49    1.0000000000000000e+00
26 49    1.0000000000000000e+00
15 50    1.0000000000000000e+00
