20 20 20 1
0 0    2.8593923239719854e-01
1 1    3.9412761118583534e-01
2 2    5.0301448551217909e-01
3 3    7.2197984634097134e-01
4 4    3.0620854545698534e-01
5 5    1.1216371189116499e-01
6 6    4.4328995994462900e-01
7 7    4.6676255217035045e-01
8 8    1.4668875279349616e-02
9 9    6.6405186602462118e-01
10 10    7.2406170870986297e-01
11 11    2.8163360301245510e-01
12 12    2.6181867810571452e-01
13 13    7.0847140486544080e-01
14 14    7.8385902280488529e-01
15 15    9.8615780656198115e-01
16 16    4.7334270540113227e-01
17 17    9.0281883426912579e-01
18 18    4.5105876120527100e-01
19 19    8.0451680863960395e-01
