27 27 153 -1
0 0    1.0370389925926500e+06
1 0    2.5925905925926499e+05
9 0   -1.1851862518518700e+06
10 0   -2.9629665185185499e+05
18 0    1.4814814814812300e+05
19 0    3.7037148148147600e+04
1 1    2.9629754074074503e+05
2 1    2.5925905925932599e+05
3 1   -1.8518551851831100e+04
9 1   -2.9629665185184998e+05
10 1   -1.4814854814814799e+05
11 1   -2.9629665185184398e+05
12 1   -7.4073962962957099e+04
18 1    3.7037148148139902e+04
19 1   -1.4814821481482300e+05
20 1    3.7037148148078202e+04
21 1    9.2592570370343994e+04
2 2    1.0370389925928200e+06
3 2    2.5925905925931601e+05
10 2   -2.9629665185186599e+05
11 2   -1.1851862518518299e+06
12 2   -2.9629665185183298e+05
19 2    3.7037148148113898e+04
20 2    1.4814814814795699e+05
21 2    3.7037148148092398e+04
3 3    2.9629754074077500e+05
4 3    2.5925905925924101e+05
5 3   -1.8518551851877401e+04
10 3   -7.4073962962966907e+04
11 3   -2.9629665185185301e+05
12 3   -1.4814854814815300e+05
13 3   -2.9629665185184800e+05
14 3   -7.4073962962958496e+04
19 3    9.2592570370357906e+04
20 3    3.7037148148109904e+04
21 3   -1.4814821481484300e+05
22 3    3.7037148148149303e+04
23 3    9.2592570370391899e+04
4 4    1.0370389925927400e+06
5 4    2.5925905925919901e+05
12 4   -2.9629665185188298e+05
13 4   -1.1851862518518700e+06
14 4   -2.9629665185184800e+05
21 4    3.7037148148192100e+04
22 4    1.4814814814835301e+05
23 4    3.7037148148184897e+04
5 5    2.9629754074076703e+05
6 5    2.5925905925924101e+05
7 5   -1.8518551851888100e+04
12 5   -7.4073962962977603e+04
13 5   -2.9629665185189800e+05
14 5   -1.4814854814817299e+05
15 5   -2.9629665185188898e+05
16 5   -7.4073962962968697e+04
21 5    9.2592570370405898e+04
22 5    3.7037148148241198e+04
23 5   -1.4814821481481599e+05
24 5    3.7037148148192100e+04
25 5    9.2592570370409594e+04
6 6    1.0370389925927999e+06
7 6    2.5925905925936901e+05
14 6   -2.9629665185186599e+05
15 6   -1.1851862518518600e+06
16 6   -2.9629665185184398e+05
23 6    3.7037148148021399e+04
24 6    1.4814814814799401e+05
25 6    3.7037148148163498e+04
7 7    2.9629754074103001e+05
8 7    2.5925905925955300e+05
14 7   -7.4073962962959005e+04
15 7   -2.9629665185183700e+05
16 7   -1.4814854814819200e+05
17 7   -2.9629665185194300e+05
23 7    9.2592570370352798e+04
24 7    3.7037148148109001e+04
25 7   -1.4814821481504699e+05
26 7    3.7037148147993001e+04
8 8    1.0370389925934800e+06
16 8   -2.9629665185192798e+05
17 8   -1.1851862518519501e+06
25 8    3.7037148147950400e+04
26 8    1.4814814814747500e+05
9 9    2.3703760592593001e+06
10 9    5.9259152592593804e+05
18 9   -1.1851862518518700e+06
19 9   -2.9629665185186500e+05
10 10    2.9630020740742201e+05
11 10    5.9259152592594898e+05
12 10    1.4814814814814599e+05
18 10   -2.9629665185185702e+05
19 10   -1.4814854814816199e+05
20 10   -2.9629665185185900e+05
21 10   -7.4073962962961799e+04
11 11    2.3703760592592200e+06
12 11    5.9259152592588600e+05
19 11   -2.9629665185188298e+05
20 11   -1.1851862518518299e+06
21 11   -2.9629665185183298e+05
12 12    2.9630020740741101e+05
13 12    5.9259152592597902e+05
14 12    1.4814814814815301e+05
19 12   -7.4073962962966398e+04
20 12   -2.9629665185182699e+05
21 12   -1.4814854814814701e+05
22 12   -2.9629665185186599e+05
23 12   -7.4073962962963196e+04
13 13    2.3703760592593099e+06
14 13    5.9259152592591196e+05
21 13   -2.9629665185189102e+05
22 13   -1.1851862518518600e+06
23 13   -2.9629665185182501e+05
14 14    2.9630020740740403e+05
15 14    5.9259152592594898e+05
16 14    1.4814814814814701e+05
21 14   -7.4073962962969206e+04
22 14   -2.9629665185183298e+05
23 14   -1.4814854814812000e+05
24 14   -2.9629665185184201e+05
25 14   -7.4073962962983598e+04
15 15    2.3703760592593099e+06
16 15    5.9259152592591895e+05
23 15   -2.9629665185181203e+05
24 15   -1.1851862518518399e+06
25 15   -2.9629665185192600e+05
16 16    2.9630020740744501e+05
17 16    5.9259152592603501e+05
23 16   -7.4073962962951002e+04
24 16   -2.9629665185183502e+05
25 16   -1.4814854814813301e+05
26 16   -2.9629665185189800e+05
17 17    2.3703760592593602e+06
25 17   -2.9629665185175999e+05
26 17   -1.1851862518519100e+06
18 18    1.0370389925926400e+06
19 18    2.5925905925927500e+05
19 19    2.9629754074075801e+05
20 19    2.5925905925932599e+05
21 19   -1.8518551851832999e+04
20 20    1.0370389925927600e+06
21 20    2.5925905925928699e+05
21 21    2.9629754074076202e+05
22 21    2.5925905925925501e+05
23 21   -1.8518551851873901e+04
22 22    1.0370389925923900e+06
23 22    2.5925905925917201e+05
23 23    2.9629754074073199e+05
24 23    2.5925905925932599e+05
25 23   -1.8518551851831100e+04
24 24    1.0370389925926999e+06
25 24    2.5925905925932599e+05
25 25    2.9629754074094398e+05
26 25    2.5925905925936901e+05
26 26    1.0370389925933600e+06
