48 48 224 1
0 0    2.8322685185199999e+06
1 1    1.6354475308600001e+06
2 2    1.7243672839500001e+06
1 3   -2.0000000000000000e+06
2 3   -2.0833333333300001e+06
3 3    1.0033333333300000e+09
0 4    1.0000000000000000e+06
2 4   -2.7777777777800001e+06
4 4    1.0675000000000000e+09
0 5    2.0833333333300001e+06
1 5    5.5555555555499997e+06
5 5    1.5353333333299999e+09
0 6   -3.3333333333300002e+03
4 6   -1.0000000000000000e+06
6 6    2.8322685185199999e+06
1 7   -6.6666666666700003e+03
3 7    2.0000000000000000e+06
7 7    1.6354475308600001e+06
2 8   -1.6800000000000000e+06
8 8    1.7243672839500001e+06
1 9   -2.0000000000000000e+06
3 9    4.0000000000000000e+08
7 9    2.0000000000000000e+06
8 9   -2.0833333333300001e+06
9 9    1.0033333333300000e+09
0 10    1.0000000000000000e+06
4 10    2.0000000000000000e+08
6 10   -1.0000000000000000e+06
8 10   -2.7777777777800001e+06
10 10    1.0675000000000000e+09
5 11   -2.0000000000000000e+06
6 11    2.0833333333300001e+06
7 11    5.5555555555499997e+06
11 11    1.5353333333299999e+09
6 12   -2.8000000000000000e+06
12 12    2.8360994695000001e+06
7 13   -3.0864197530900001e+04
11 13   -5.5555555555499997e+06
13 13    1.7674107444600000e+06
8 14   -1.5432098765400000e+04
10 14    2.7777777777800001e+06
13 14    5.1792213181599998e+05
14 14    3.8900380684799999e+06
9 15   -3.3333333333299998e+06
13 15    4.2985705890199998e+06
14 15   -2.6349902747000000e+06
15 15    1.9757206353099999e+09
8 16   -2.7777777777800001e+06
10 16    3.3333333333300000e+08
12 16   -2.1492852945099999e+06
14 16    2.7777777777800001e+06
16 16    1.5273465154700000e+09
7 17    5.5555555555499997e+06
11 17    6.6666666666700006e+08
12 17    2.3591618040200002e+06
13 17   -5.5555555555499997e+06
16 17   -1.0977973133200000e+08
17 17    1.5641114371099999e+09
0 18   -2.8000000000000000e+06
12 18   -3.3333333333300002e+03
16 18    1.0000000000000000e+06
18 18    2.8322685185199999e+06
1 19   -3.0864197530900001e+04
5 19   -5.5555555555499997e+06
13 19   -6.6666666666700003e+03
15 19   -2.0000000000000000e+06
19 19    1.6354475308600001e+06
2 20   -1.5432098765400000e+04
4 20    2.7777777777800001e+06
14 20   -1.6800000000000000e+06
20 20    1.7243672839500001e+06
3 21   -3.3333333333299998e+06
13 21    2.0000000000000000e+06
15 21    4.0000000000000000e+08
19 21   -2.0000000000000000e+06
20 21   -2.0833333333300001e+06
21 21    1.0033333333300000e+09
2 22   -2.7777777777800001e+06
4 22    3.3333333333300000e+08
12 22   -1.0000000000000000e+06
16 22    2.0000000000000000e+08
18 22    1.0000000000000000e+06
20 22    2.7777777777800001e+06
22 22    1.0675000000000000e+09
1 23    5.5555555555499997e+06
5 23    6.6666666666700006e+08
17 23   -2.0000000000000000e+06
18 23    2.0833333333300001e+06
19 23   -5.5555555555499997e+06
23 23    1.5353333333299999e+09
0 24   -2.8935185185200000e+04
5 24   -2.0833333333300001e+06
24 24    6.0879629629600000e+04
1 25   -1.5979166666699999e+06
25 25    3.3729166666700002e+06
2 26   -2.8935185185200000e+04
3 26    2.0833333333300001e+06
26 26    2.4117129629600001e+06
2 27   -2.0833333333300001e+06
3 27    1.0000000000000000e+08
25 27   -2.5000000000000000e+06
26 27   -4.1666666666699998e+05
27 27    1.5000000000000000e+09
4 28   -8.3333333333299996e+05
24 28    1.2500000000000000e+06
28 28    5.0183333333300000e+08
0 29    2.0833333333300001e+06
5 29    1.0000000000000000e+08
24 29    4.1666666666699998e+05
29 29    5.0250000000000000e+08
6 30   -2.8935185185200000e+04
11 30   -2.0833333333300001e+06
24 30   -4.1666666666700003e+03
28 30   -1.2500000000000000e+06
30 30    3.9858796296299999e+06
7 31   -1.5979166666699999e+06
25 31   -8.3333333333299997e+03
27 31    2.5000000000000000e+06
31 31    3.4114969135799999e+06
8 32   -2.8935185185200000e+04
9 32    2.0833333333300001e+06
26 32   -2.3550000000000000e+06
32 32    2.4310030864200001e+06
8 33   -2.0833333333300001e+06
9 33    1.0000000000000000e+08
25 33   -2.5000000000000000e+06
27 33    5.0000000000000000e+08
31 33    2.5000000000000000e+06
32 33   -4.1666666666699998e+05
33 33    1.5041666666700001e+09
10 34   -8.3333333333299996e+05
24 34    1.2500000000000000e+06
28 34    2.5000000000000000e+08
30 34   -1.2500000000000000e+06
32 34   -3.4722222222199999e+06
34 34    1.3351666666700001e+09
6 35    2.0833333333300001e+06
11 35    1.0000000000000000e+08
29 35   -2.5000000000000000e+06
30 35    4.1666666666699998e+05
31 35    6.9444444444399998e+06
35 35    2.1691666666700001e+09
12 36   -2.8935185185200000e+04
17 36   -2.0833333333300001e+06
30 36   -3.9250000000000000e+06
36 36    3.9858796296299999e+06
13 37   -1.5979166666699999e+06
31 37   -3.8580246913600000e+04
35 37   -6.9444444444399998e+06
37 37    3.4114969135799999e+06
14 38   -2.8935185185200000e+04
15 38    2.0833333333300001e+06
32 38   -1.9290123456800000e+04
34 38    3.4722222222199999e+06
38 38    2.4310030864200001e+06
14 39   -2.0833333333300001e+06
15 39    1.0000000000000000e+08
33 39   -4.1666666666700002e+06
37 39    2.5000000000000000e+06
38 39   -4.1666666666699998e+05
39 39    1.5041666666700001e+09
16 40   -8.3333333333299996e+05
32 40   -3.4722222222199999e+06
34 40    4.1666666666700000e+08
36 40   -1.2500000000000000e+06
38 40    3.4722222222199999e+06
40 40    1.3351666666700001e+09
12 41    2.0833333333300001e+06
17 41    1.0000000000000000e+08
31 41    6.9444444444500003e+06
35 41    8.3333333333299994e+08
36 41    4.1666666666699998e+05
37 41   -6.9444444444500003e+06
41 41    2.1691666666700001e+09
12 42   -3.8309509817100002e+03
16 42    1.1492852945099999e+06
17 42   -2.7582847068299999e+05
18 42   -2.8935185185200000e+04
23 42   -2.0833333333300001e+06
36 42   -4.1666666666700003e+03
40 42    1.2500000000000000e+06
42 42    6.4710580611300000e+04
13 43   -1.3196321359900001e+05
14 43   -5.1792213181599998e+05
15 43   -2.2985705890199998e+06
19 43   -1.5979166666699999e+06
37 43   -8.3333333333299997e+03
39 43   -2.5000000000000000e+06
43 43    3.5048798802700001e+06
13 44   -5.1792213181599998e+05
14 44   -2.1656707845299998e+06
15 44    5.5165694136599998e+05
20 44   -2.8935185185200000e+04
21 44    2.0833333333300001e+06
38 44   -2.3550000000000000e+06
43 44    5.1792213181599998e+05
44 44    4.5773837474900000e+06
13 45    2.2985705890199998e+06
14 45   -5.5165694136699999e+05
15 45    4.8619365099000001e+08
20 45   -2.0833333333300001e+06
21 45    1.0000000000000000e+08
37 45    2.5000000000000000e+06
39 45    5.0000000000000000e+08
43 45   -4.7985705890199998e+06
44 45    1.3499027470000001e+05
45 45    2.4723873019800000e+09
12 46   -1.1492852945099999e+06
16 46    2.2972466123600000e+08
17 46   -5.5717351077900000e+07
22 46   -8.3333333333299996e+05
36 46   -1.2500000000000000e+06
40 46    2.5000000000000000e+08
42 46    2.3992852945099999e+06
46 46    9.6167984880400002e+08
12 47    2.7582847068299999e+05
16 47   -5.5717351077900000e+07
17 47    1.0941196003799999e+07
18 47    2.0833333333300001e+06
23 47    1.0000000000000000e+08
41 47   -2.5000000000000000e+06
42 47    1.4083819598399999e+05
46 47   -1.0977973133200000e+08
47 47    5.3127810377499998e+08
