10 15 60 0 2
0 0 0.660427 0.980481
2 0 0.673653 0.791832
7 0 0.95733 0.152594
1 1 0.191866 0.833027
3 1 0.111216 0.191863
4 1 0.565054 0.638987
9 1 0.969166 0.669
3 2 0.0237439 0.772088
5 2 0.870216 0.379818
7 2 0.0268766 0.441585
8 2 0.519529 0.48306
5 3 0.192291 0.608106
6 3 0.715689 0.175996
7 3 0.250673 0.00202556
8 3 0.933865 0.790224
9 3 0.137189 0.513609
0 4 0.521622 0.213229
1 4 0.895202 0.10345
2 4 0.942387 0.157337
3 4 0.335083 0.407515
7 4 0.437364 0.407757
6 5 0.471156 0.0526927
8 5 0.14931 0.941815
9 5 0.135864 0.149972
2 6 0.532498 0.384374
4 6 0.725789 0.311059
5 6 0.398703 0.168534
9 6 0.358419 0.896648
0 7 0.285279 0.322724
1 7 0.868635 0.733996
2 7 0.626413 0.410904
5 7 0.241172 0.399794
6 7 0.978082 0.505522
2 8 0.640501 0.169306
8 8 0.229849 0.524745
0 9 0.681335 0.641203
1 9 0.665823 0.0161975
2 9 0.134718 0.836852
4 9 0.0224933 0.803462
5 9 0.262199 0.697785
7 9 0.116515 0.461888
9 9 0.0693182 0.0826126
0 10 0.85293 0.820717
1 10 0.180331 0.19302
8 10 0.0324186 0.445355
9 10 0.733926 0.0129578
0 11 0.536517 0.308742
2 11 0.27603 0.875351
8 11 0.368458 0.835259
1 12 0.0128863 0.333095
2 12 0.889206 0.880705
8 12 0.866021 0.479687
9 12 0.254247 0.560817
0 13 0.569481 0.615909
2 13 0.159265 0.661899
3 13 0.594364 0.616633
7 13 0.3311 0.68514
9 13 0.658613 0.510153
5 14 0.863634 0.713961
8 14 0.567623 0.515208
