30 30 114 1 2
0 0 4.98585 0
1 1 2.80724 0
2 2 6.14737 0
3 3 6.78061 0
4 4 5.13451 0
1 5 0.254769 -0.397184
4 5 0.640815 -0.511311
5 5 2.14374 0
0 6 0.121047 -0.335197
1 6 0.170793 0.700635
6 6 6.06059 0
7 7 5.05057 0
2 8 0.239313 -0.594663
8 8 5.50746 0
0 9 0.450754 -0.655531
9 9 2.46098 0
1 10 0.865603 -0.413629
10 10 4.12445 0
10 11 0.934237 0.999447
11 11 3.87788 0
0 12 0.23788 0.548513
5 12 0.645831 0.26177
6 12 0.994295 -0.982709
8 12 0.314217 -0.484964
12 12 2.83077 0
4 13 0.870381 0.571057
6 13 0.0099273 0.700857
8 13 0.365078 -0.114613
9 13 0.13701 0.962288
13 13 6.16576 0
0 14 0.734908 0.634266
5 14 0.843869 -0.489345
13 14 0.818756 -0.750518
14 14 6.1932 0
12 15 1.13292 0.348118
13 15 0.430166 -0.739993
15 15 4.25807 0
11 16 0.264449 -0.961636
16 16 6.78301 0
5 17 0.1739 -0.185904
6 17 0.422452 0.253561
11 17 0.855976 0.873451
17 17 3.71627 0
1 18 0.23235 -0.655213
8 18 0.457354 0.96137
11 18 0.450689 0.0720592
13 18 0.412219 0.553408
16 18 0.90161 0.291984
17 18 0.815935 -0.732651
18 18 6.34966 0
0 19 0.0491625 0.680204
9 19 0.591525 -0.365374
11 19 0.1603 -0.0588622
19 19 5.84718 0
0 20 0.982988 0.498305
5 20 0.552673 0.434441
6 20 0.439791 -0.806638
8 20 0.400074 0.562458
9 20 0.119747 -0.140044
10 20 0.198789 0.616621
14 20 0.687324 -0.803026
18 20 0.625201 0.11334
20 20 4.22081 0
1 21 0.804872 -0.837585
7 21 0.375885 0.754551
18 21 0.00558394 -0.857964
20 21 0.00987646 0.791123
21 21 5.1031 0
9 22 0.0381288 -0.566773
10 22 0.458598 -0.823008
16 22 0.191116 -0.601987
19 22 0.69318 -0.0534444
21 22 0.75367 0.670004
22 22 6.75845 0
2 23 0.0497545 -0.565739
5 23 0.919957 0.273088
12 23 0.664931 -0.049278
13 23 0.844722 0.626235
15 23 0.367753 0.536852
23 23 5.20005 0
0 24 0.715883 -0.391904
1 24 0.908398 -0.371608
21 24 0.419858 -0.814952
23 24 0.620801 -0.0595041
24 24 3.23664 0
0 25 0.892842 -0.627315
6 25 0.340048 -0.703568
9 25 0.731277 0.0889618
11 25 0.872855 -0.360311
18 25 0.297406 -0.335755
25 25 3.76351 0
1 26 0.231894 -0.425253
8 26 0.39324 -0.664856
10 26 0.869867 -0.673949
13 26 0.193893 0.271308
14 26 0.346112 -0.083881
18 26 0.904812 0.409072
19 26 0.650106 -0.356656
26 26 2.9393 0
0 27 0.273102 -0.69908
15 27 0.155613 -0.915942
22 27 0.793872 -0.200876
27 27 4.45322 0
4 28 0.190887 -0.776401
5 28 0.569206 0.474041
11 28 0.63179 0.908989
13 28 0.890322 -0.431873
17 28 0.46077 -0.422227
28 28 4.04637 0
12 29 0.234413 0.596247
13 29 0.548782 0.328955
20 29 0.733363 -0.898252
25 29 0.931583 0.478194
29 29 4.31763 0
