0
3
6
9
11
13
18
23
26
29
32
36
39
42
45
47
49
54
57
60
63
66
69
72
75
77
79
81
83
85
87
89
91
95
101
103
105
108
112
115
118
121
124
127
129
131
136
141
144
147
150
154
157
160
163
165
167
172
175
178
181
184
187
190
192
194
196
198
200
202
204
206
208
212
218
220
222
225
229
232
235
237
238
245
247
248
255
259
294
302
304
305
319
333
347
351
380
385
387
388
399
410
421
429
438
442
445
446
458
470
482
490
506
512
515
516
527
538
549
558
567
576
585
594
603
612
621
630
639
648
657
666
675
684
693
702
711
720
729
738
747
756
765
773
781
789
797
805
813
816
819
822
825
828
831
834
837
840
843
846
849
852
855
857
860
863
866
870
874
878
885
895
897
899
906
911
917
920
922
924
926
928
930
932
934
936
938
941
944
947
950
953
956
959
962
965
968
971
974
978
982
986
991
999
1001
1003
1009
1012
1016
1017
1019
1021
1023
1025
1027
1029
1031
1033
1035
1043
1046
1049
1052
1053
1059
1065
1071
1079
1085
1086
1089
1090
1096
1102
1108
1116
1119
1122
1125
1126
1132
1138
1144
1146
1148
1150
1157
1163
1164
1167
1168
1174
1180
1186
1194
1197
1200
1203
1204
1210
1216
1222
1224
1226
1228
1236
1242
1243
1246
1247
1253
1259
1265
1273
1276
1279
1282
1283
1289
1295
1301
1303
1305
1307
1315
1321
1322
1325
1326
1332
1338
1344
1352
1355
1358
1361
1362
1368
1374
1380
1382
1384
1386
1394
1400
1401
1404
1405
1411
1417
1423
1431
1434
1437
1440
1441
1447
1453
1459
1461
1463
1465
1473
1479
1480
1483
1484
1490
1496
1502
1504
1506
1508
1510
1512
1514
1516
1518
1520
1522
1524
1526
1528
1530
1532
1534
1536
1538
1540
1542
1544
1546
1548
1550
1552
1554
1556
1558
1560
1562
1564
1566
1568
1570
1572
1574
1577
1581
1585
1587
1589
1591
1593
1595
1597
1602
1607
1612
1614
1616
1618
1620
1622
1624
1627
1630
1633
1635
1637
1642
1647
1650
1653
1656
1660
1663
1666
1669
1671
1673
1678
1680
1682
1684
1687
1691
1695
1697
1699
1701
1703
1705
1707
1712
1717
1722
1724
1726
1728
1730
1732
1734
1737
1740
1743
1745
1747
1752
1757
1760
1763
1766
1770
1773
1776
1779
1781
1783
1788
1791
1794
1797
1800
1803
1806
1808
1810
1812
1814
1816
1818
1820
1822
1824
1828
1834
1836
1838
1841
1845
1848
1851
1853
1855
1857
1859
1861
1863
1865
1867
1869
1871
1873
1875
1877
1879
1881
1883
1885
1887
