  1.0000000000000000e+00
 -3.7648000000000001e-02
 -3.4423999999999999e-01
  1.0000000000000000e+00
 -2.4523000000000000e-02
 -3.7370900000000001e-01
  1.0000000000000000e+00
 -3.6613000000000000e-02
 -8.3693799999999996e-01
  1.3000000000000000e+02
 -2.4337670000000000e+00
  1.0000000000000000e+00
 -1.6140909999999999e+00
  1.6140909999999999e+00
 -2.1873200000000001e-01
 -1.0000000000000000e+00
 -1.0000000000000000e+00
 -1.0000000000000000e+00
 -1.1383520000000000e+00
  3.6693999999999997e-02
  9.9316000000000002e-02
  9.9316000000000002e-02
  9.9316000000000002e-02
 -5.0000000000000000e-01
  1.6116999999999999e-02
  8.7246000000000004e-02
 -3.6119200000000001e-01
  1.1643000000000001e-02
  1.0504100000000000e-01
 -3.2188800000000001e-01
  1.0376000000000000e-02
  1.4041699999999999e-01
 -4.3624200000000002e-01
 -7.6804300000000003e-01
 -1.4302799999999999e-01
 -1.5938900000000000e-01
  1.0000000000000000e+00
 -4.8561000000000000e-02
 -2.6286799999999999e-01
  1.0000000000000000e+00
 -3.0925999999999999e-02
 -2.7901300000000001e-01
  1.0000000000000000e+00
 -4.6123999999999998e-02
 -6.2418799999999997e-01
  5.2824359999999997e+00
 -6.1239200000000005e-01
  2.8868199999999999e-01
 -2.1638199999999999e-01
  1.3287739999999999e+00
 -3.6946899999999999e-01
 -1.0000000000000000e+00
 -1.0000000000000000e+00
 -1.0000000000000000e+00
  4.8176471999999997e+01
 -1.0000000000000000e+00
 -3.3000000000000003e-05
  8.3500000000000000e+01
 -1.0000000000000000e+00
 -4.1000000000000000e-05
  1.7194119300000000e+02
 -1.0000000000000000e+00
 -8.5000000000000006e-05
  9.6651381999999998e+01
  2.5000000000000000e+00
  3.3000000000000003e-05
  1.6827059900000000e+02
  2.5000000000000000e+00
  4.1000000000000000e-05
  3.4758718900000002e+02
  2.5000000000000000e+00
  8.5000000000000006e-05
  1.0000000000000000e+00
 -1.1069700000000000e-01
  1.6052320000000000e+00
  1.0000000000000000e+00
 -8.9809000000000000e-02
  1.0000000000000000e+00
 -1.5173700000000001e-01
  1.0104550000000001e+00
 -5.0000000000000000e-01
  1.0059780000000000e+00
 -2.9999999999999999e-01
  1.0028850000000000e+00
 -2.0000000000000001e-01
  1.0000000000000000e+00
 -1.8118500000000001e-01
  1.0000000000000000e+00
 -2.4002399999999999e-01
  1.0000000000000000e+00
 -2.2654800000000000e-01
  1.0000000000000000e+00
 -1.0000000000000000e+00
  1.5000000000000000e+00
  5.0000000000000000e-01
  1.0000000000000000e+00
 -3.1622000000000000e+05
 -1.2323690430000001e+04
 -1.0000000000000000e+00
 -3.5226800780999998e+04
  1.8449019531000002e+04
  5.2983390000000004e+00
  2.4529999999999999e-03
  1.0808590090000000e+03
 -2.0502200000000001e-01
  1.4419199999999999e-01
  6.3059860000000000e+01
 -1.1593000000000001e-01
 -1.8449019531000002e+04
  8.4533400000000003e-01
 -1.8449019531000002e+04
 -1.5595580078000001e+04
  1.0000000000000000e+00
  2.0204900000000001e-01
 -8.8547100000000001e-01
  1.0000000000000000e-04
  2.4483389999999998e+00
  8.1611299999999998e-01
  1.0000000000000000e+00
 -2.2800000000000001e-04
 -2.6243899999999998e-01
  1.0000000000000000e+00
 -4.1899999999999999e-04
 -3.2162000000000002e-01
  1.0000000000000000e+00
 -1.5770000000000001e-03
 -7.2647600000000001e-01
  3.0000000000000000e+02
 -2.8518910000000002e+00
  1.0000000000000000e+00
 -2.8701599999999999e-01
  2.8701599999999999e-01
 -4.3410000000000002e-03
 -1.0000000000000000e+00
 -1.0000000000000000e+00
 -1.0000000000000000e+00
 -1.1383520000000000e+00
  4.2002999999999999e-02
  9.4148100000000001e-01
  9.4148100000000001e-01
  9.4148100000000001e-01
 -3.2188800000000001e-01
  1.1877000000000000e-02
  1.3310949999999999e+00
 -3.6119200000000001e-01
  1.3327000000000000e-02
  9.9575300000000000e-01
 -5.0000000000000000e-01
  1.8449000000000000e-02
  8.2705600000000001e-01
 -1.0000000000000000e+00
 -1.9239999999999998e+01
 -3.8029999999999999e+00
 -9.4809999999999999e+00
  1.0000000000000000e+00
 -8.8800000000000001e-04
 -9.9474000000000007e-02
  1.0000000000000000e+00
 -1.3309999999999999e-03
 -9.9474000000000007e-02
  1.0000000000000000e+00
 -2.2190000000000001e-03
 -9.9474000000000007e-02
  1.1776130000000000e+00
 -3.1089630000000001e+00
  9.9194300000000002e-01
 -2.6400560000000000e+00
  3.1921119999999998e+00
 -4.4614000000000001e-02
 -1.0000000000000000e+00
 -1.0000000000000000e+00
 -1.0000000000000000e+00
  1.0986879700000000e+02
 -1.0000000000000000e+00
 -3.3000000000000003e-05
  1.9138459800000001e+02
 -1.0000000000000000e+00
 -4.1000000000000000e-05
  3.9547961400000003e+02
 -1.0000000000000000e+00
 -8.5000000000000006e-05
  2.2173390200000000e+02
  2.5000000000000000e+00
  3.3000000000000003e-05
  3.8700918600000000e+02
  2.5000000000000000e+00
  4.1000000000000000e-05
  8.0081652799999995e+02
  2.5000000000000000e+00
  8.5000000000000006e-05
  1.0000000000000000e+00
 -9.1699999999999993e-03
  1.0000000000000000e+00
 -4.6441000000000003e-02
  1.0000000000000000e+00
 -4.8999199999999998e-01
  1.0045299999999999e+00
 -2.0000000000000001e-01
  1.0025910000000000e+00
 -2.9999999999999999e-01
  1.0012500000000000e+00
 -5.0000000000000000e-01
  1.0000000000000000e+00
 -3.7501000000000000e-02
  1.0000000000000000e+00
 -1.2414300000000000e-01
  1.0000000000000000e+00
 -2.9275299999999999e-01
  1.0000000000000000e+00
 -1.0000000000000000e+00
  1.8537300000000001e-01
  6.1790999999999999e-02
  1.0000000000000000e+00
 -3.1622000000000000e+05
 -1.6364190430000001e+04
 -1.0000000000000000e+00
 -4.6967822269999997e+03
  1.3185400400000000e+02
  2.2129128999999999e+01
  9.5375299999999996e-01
  2.4942900390000000e+03
 -1.0215870000000000e+00
  8.8782799999999995e-01
  1.0400419999999999e+00
 -2.6400560000000000e+00
 -1.3185400400000000e+02
  8.0569999999999999e-03
 -1.3185400400000000e+02
 -1.0624089999999999e+00
  1.0000000000000000e+00
  1.0164300000000000e-01
 -6.1790999999999999e-02
  7.6449999999999999e-03
  2.3098949000000001e+01
  7.6996490000000000e+00
  1.0000000000000000e+00
  1.0000000000000000e+00
  1.0000000000000000e+00
  1.0000000000000000e+00
 -3.8502310000000000e+00
 -8.5000000000000006e-05
  2.0159099999999999e+00
  1.0000000000000000e+00
  1.5961710000000000e+00
 -7.8975099999999998e-01
  1.0000000000000000e+00
  8.8175599999999998e-01
  1.0000000000000000e+00
  1.0000000000000000e+00
 -2.7937599999999998e+00
 -8.3999999999999995e-05
  2.0156649999999998e+00
  1.0000000000000000e+00
  1.5939939999999999e+00
 -9.6191499999999996e-01
  2.4250000000000001e-03
  3.0363000000000001e-02
  6.7304500000000000e-01
  1.4593600000000000e+00
  1.6896999999999999e-02
  3.4847999999999997e-02
 -6.0080000000000001e-02
 -5.5527199999999999e-01
 -4.7704000000000002e-01
 -1.8582899999999999e-01
 -1.0000000000000000e+00
 -1.0000000000000000e+00
 -1.0000000000000000e+00
 -5.5188567999999997e+01
 -9.5676856999999998e+01
 -2.1583770799999999e+02
  1.0000000000000000e+00
  1.0000000000000000e+00
  1.0000000000000000e+00
  1.0000000000000000e+00
  1.0000000000000000e+00
  1.0000000000000000e+00
  1.0000000000000000e+00
 -1.8910000000000001e-03
 -1.5310000000000000e-03
 -1.0139999999999999e-03
  2.5000000000000000e+00
  2.6063700000000001e+01
  1.0000000000000000e+00
 -1.5000000000000000e+00
 -9.6031809999999993e+00
 -9.4541850000000007e+00
 -9.4376809999999995e+00
 -4.8295718999999998e+01
  9.0759199999999995e-01
 -4.3759670000000002e+00
 -8.9979920000000000e+00
 -8.8819579999999991e+00
  1.0000000000000000e+00
  1.0000000000000000e+00
  1.0000000000000000e+00
  1.0000000000000000e+00
  1.0000000000000000e+00
 -1.0000000000000000e+00
 -2.6063700000000001e+01
 -1.0000000000000000e+00
  1.0000000000000000e+00
 -1.4593600000000000e+00
  1.0000000000000000e+00
  1.0000000000000000e+00
 -1.0000000000000000e+00
 -1.0000000000000000e+00
 -1.0000000000000000e+00
  1.0000000000000000e+00
  1.0000000000000000e+00
  1.0000000000000000e+00
  5.6953097999999997e+01
  7.0583200000000001e-01
  1.0000000000000000e+00
 -6.4913699999999996e-01
 -3.3000000000000003e-05
  5.3807499999999997e-01
  1.0000000000000000e+00
  8.2471000000000003e-02
 -1.0000000000000000e+00
 -1.0000000000000000e+00
 -1.0000000000000000e+00
  1.0000000000000000e+00
  1.0000000000000000e+00
  1.0000000000000000e+00
  1.1583840000000000e+01
  7.0583200000000001e-01
  1.0000000000000000e+00
 -1.0215420000000000e+00
 -4.1000000000000000e-05
 -3.6302499999999999e-01
  1.0000000000000000e+00
  6.9523000000000001e-02
 -1.0000000000000000e+00
 -1.0000000000000000e+00
 -1.0000000000000000e+00
  1.0000000000000000e+00
  1.0000000000000000e+00
  1.0000000000000000e+00
  3.2096300000000000e-01
  7.0583200000000001e-01
  1.0000000000000000e+00
 -2.0490070000000000e+00
 -8.3999999999999995e-05
  9.1353600000000001e-01
  1.0000000000000000e+00
  8.3976399999999995e-01
  5.5083499999999996e-01
  4.4892199999999999e-01
  2.4300000000000000e-04
  4.0528300000000000e-01
 -6.7277000000000003e-02
 -1.5700600000000001e-01
 -9.7475999999999993e-02
 -2.5060100000000002e-01
 -2.8026200000000001e-01
  1.0084899999999999e-01
 -1.0000000000000000e+00
  1.0000000000000000e+00
  1.0000000000000000e+00
  1.0000000000000000e+00
  1.0000000000000000e+00
  1.0000000000000000e+00
  1.0000000000000000e+00
 -2.8639999999999998e-03
 -2.3159999999999999e-03
 -1.5310000000000000e-03
  2.5000000000000000e+00
  1.1587800000000000e+01
  1.0000000000000000e+00
 -1.1012240000000000e+00
 -1.3644320000000001e+00
 -1.2188209999999999e+00
 -1.2108589999999999e+00
 -3.4621051999999999e+01
  6.0313600000000001e-01
 -5.9963800000000000e-01
 -1.4033920000000000e+00
 -1.3703860000000001e+00
  1.0000000000000000e+00
  1.0000000000000000e+00
 -1.0000000000000000e+00
 -1.1587800000000000e+01
 -1.0000000000000000e+00
  1.0000000000000000e+00
 -4.0528300000000000e-01
  1.0000000000000000e+00
  1.0000000000000000e+00
 -8.5938400000000004e-01
 -7.7333900000000000e-01
 -7.9517400000000005e-01
 -1.0000000000000000e+00
  1.0000000000000000e+00
  1.0000000000000000e+00
 -1.6236590000000000e+00
 -3.3000000000000003e-05
  3.5720350000000001e+00
  1.0000000000000000e+00
  9.2435299999999998e-01
 -1.1718210000000000e+00
 -1.2773520000000000e+00
 -1.2505080000000000e+00
 -1.0000000000000000e+00
  1.0000000000000000e+00
  1.0000000000000000e+00
 -2.4602889999999999e+00
 -4.1000000000000000e-05
 -2.1785329999999998e+00
  1.0000000000000000e+00
  6.5098400000000001e-01
 -2.3280470000000002e+00
 -2.4161549999999998e+00
 -2.5121660000000001e+00
 -1.0000000000000000e+00
  1.0000000000000000e+00
  1.0000000000000000e+00
 -4.7536199999999997e+00
 -8.5000000000000006e-05
  6.1671399999999998e+00
  1.0000000000000000e+00
  3.3966910000000001e+00
  4.3736999999999998e-02
  5.7396499999999995e-01
  1.5834899999999999e-01
  1.8781300000000001e-01
 -4.4344000000000001e-02
 -5.8193799999999996e-01
 -1.6054900000000000e-01
 -1.0000000000000000e+00
 -1.0000000000000000e+00
 -1.0000000000000000e+00
 -1.0000000000000000e+00
 -6.2680900999999999e+01
 -1.2388999900000000e+02
 -4.6435549900000001e+02
  1.0000000000000000e+00
 -5.1646999999999998e-02
 -3.2417600000000002e-01
  1.0000000000000000e+00
  1.0000000000000000e+00
  1.0000000000000000e+00
  1.0000000000000000e+00
 -1.8781300000000001e-01
  1.0000000000000000e+00
  1.0000000000000000e+00
  1.0000000000000000e+00
  1.0000000000000000e+00
 -1.0000000000000000e+00
 -1.0000000000000000e+00
 -1.0000000000000000e+00
  1.0000000000000000e+00
  1.0000000000000000e+00
  1.0000000000000000e+00
  9.7738750000000003e+00
  7.7605000000000002e-01
  7.2528309999999996e+00
  7.8041000000000005e-01
 -7.8683099999999995e-01
  1.0000000000000000e+00
 -1.0000000000000000e+00
 -1.0000000000000000e+00
 -1.0000000000000000e+00
  1.0000000000000000e+00
  1.0000000000000000e+00
  1.0000000000000000e+00
  6.0698200000000002e-01
  7.7605000000000002e-01
 -2.3895080000000002e+00
  6.8493999999999999e-01
 -7.8683099999999995e-01
  1.0000000000000000e+00
 -1.0000000000000000e+00
 -1.0000000000000000e+00
 -1.0000000000000000e+00
  1.0000000000000000e+00
  1.0000000000000000e+00
  1.0000000000000000e+00
  1.1890000000000000e-03
  7.7605000000000002e-01
  1.1558830000000000e+01
  2.2026439999999998e+00
 -7.8683099999999995e-01
 -1.7051500000000000e-01
 -4.3429600000000002e-01
 -2.6674199999999998e-01
 -2.6093020000000000e+00
  1.9564500000000001e-01
  4.9830200000000002e-01
  3.0605399999999999e-01
  4.2239599999999999e-01
  1.0000000000000000e+00
  1.0000000000000000e+00
  1.0000000000000000e+00
  1.0000000000000000e+00
  1.0000000000000000e+00
  1.0000000000000000e+00
 -1.8910000000000001e-03
 -1.5310000000000000e-03
 -1.0139999999999999e-03
  2.5000000000000000e+00
  1.6672408999999998e+01
  1.0000000000000000e+00
 -1.5000000000000000e+00
 -1.0000000000000000e+00
 -4.6212100000000000e-01
 -1.2349599999999999e-01
 -1.0000000000000000e+00
 -1.6672408999999998e+01
 -1.0000000000000000e+00
 -1.0000000000000000e+00
 -1.0000000000000000e+00
  1.0000000000000000e+00
  2.6093020000000000e+00
 -4.2239599999999999e-01
  1.0000000000000000e+00
  1.0000000000000000e+00
  1.0000000000000000e+00
 -5.8697600000000005e-01
 -5.0651599999999997e-01
 -5.1399200000000000e-01
 -1.0366850000000001e+00
 -3.3000000000000003e-05
 -8.7155300000000002e-01
 -1.0000000000000000e+00
  1.0000000000000000e+00
  2.6399800000000000e+00
  5.5742100000000006e-01
  1.0000000000000000e+00
 -8.0016399999999999e-01
 -8.3640899999999996e-01
 -8.0810300000000002e-01
 -1.6376949999999999e+00
 -4.1000000000000000e-05
 -8.7155300000000002e-01
 -1.0000000000000000e+00
  1.0000000000000000e+00
 -1.7736780000000001e+00
  4.0754200000000002e-01
  1.0000000000000000e+00
 -1.5893889999999999e+00
 -1.5818110000000001e+00
 -1.6231180000000001e+00
 -3.2056860000000000e+00
 -8.3999999999999995e-05
 -8.7155300000000002e-01
 -1.0000000000000000e+00
  1.0000000000000000e+00
  4.4676090000000004e+00
  2.2475290000000001e+00
 -1.0000000000000000e+00
 -1.0000000000000000e+00
 -4.0421600000000002e-01
 -1.8187800000000001e-01
 -1.5634600000000001e-01
 -1.5457000000000001e-01
 -1.5217800000000001e-01
 -9.1906000000000002e-02
 -7.8709999999999995e-03
 -1.0000000000000000e+00
 -1.0000000000000000e+00
 -1.8091710000000001e+00
 -3.1896550000000001e+00
 -3.3490190000000002e+00
 -3.3586440000000000e+00
 -3.3085849999999999e+00
 -1.9678700000000000e+00
 -1.1333600000000001e-01
 -1.0000000000000000e+00
 -1.0000000000000000e+00
 -2.4566020000000002e+00
 -4.1011280000000001e+00
 -4.2908920000000004e+00
 -4.3026030000000004e+00
 -4.2541469999999997e+00
 -2.9523890000000002e+00
 -1.1573650000000000e+00
 -8.1220000000000007e-03
 -1.6896999999999999e-02
 -4.5389999999999996e-03
 -2.1710000000000002e-03
 -1.8740000000000000e-03
 -1.8530000000000000e-03
 -1.8250000000000000e-03
 -1.1069999999999999e-03
 -1.0500000000000000e-04
 -1.6750000000000001e-02
 -3.4847999999999997e-02
 -4.1896999999999997e-02
 -7.8506999999999993e-02
 -8.2794000000000006e-02
 -8.3055000000000004e-02
 -8.1825999999999996e-02
 -4.8866000000000000e-02
 -3.1319999999999998e-03
 -2.8878000000000001e-02
 -6.0080000000000001e-02
 -9.8082000000000003e-02
 -1.7402799999999999e-01
 -1.8288499999999999e-01
 -1.8343699999999999e-01
 -1.8139100000000000e-01
 -1.2639700000000001e-01
 -5.5136999999999999e-02
 -1.0000000000000000e+00
 -1.0000000000000000e+00
 -7.6362300000000005e-01
 -5.4132100000000005e-01
 -5.2907499999999996e-01
 -5.2832599999999996e-01
 -5.2965300000000004e-01
 -5.9901099999999996e-01
 -5.7467699999999999e-01
 -1.0000000000000000e+00
 -1.0000000000000000e+00
 -1.4679789999999999e+00
 -1.2898060000000000e+00
 -1.2799920000000000e+00
 -1.2793850000000000e+00
 -1.2801739999999999e+00
 -1.3601430000000001e+00
 -7.1491899999999997e-01
 -1.0000000000000000e+00
 -1.0000000000000000e+00
 -4.3709999999999999e-03
 -3.9540000000000000e-03
 -3.9319999999999997e-03
 -3.9480000000000001e-03
 -4.7489999999999997e-03
 -7.2455000000000006e-02
 -1.6023639999999999e+00
 -1.1229300000000000e-01
 -6.7277000000000003e-02
 -5.4600999999999997e-02
 -3.8877000000000002e-02
 -3.8009000000000001e-02
 -3.7959000000000000e-02
 -3.8209000000000000e-02
 -4.8085999999999997e-02
 -5.8179000000000002e-02
 -2.6206299999999999e-01
 -1.5700600000000001e-01
 -2.4496100000000001e-01
 -2.1618100000000001e-01
 -2.1459700000000001e-01
 -2.1451899999999999e-01
 -2.1552299999999999e-01
 -2.5480999999999998e-01
 -1.6890700000000000e-01
 -1.6270000000000001e-01
 -9.7475999999999993e-02
 -4.5300000000000001e-04
 -4.1100000000000002e-04
 -4.0900000000000002e-04
 -4.1100000000000002e-04
 -4.9600000000000002e-04
 -8.4270000000000005e-03
 -2.3503499999999999e-01
 -1.0000000000000000e+00
 -1.0000000000000000e+00
 -6.9703000000000001e-02
 -1.9243000000000000e-02
 -1.5838000000000001e-02
 -1.5618000000000000e-02
 -1.5583000000000000e-02
 -1.4718999999999999e-02
 -5.7600000000000004e-03
 -1.0000000000000000e+00
 -1.0000000000000000e+00
 -7.4171399999999998e-01
 -8.0234899999999998e-01
 -8.0658500000000000e-01
 -8.0682900000000002e-01
 -8.0550299999999997e-01
 -7.4926999999999999e-01
 -1.9719700000000001e-01
 -1.0000000000000000e+00
 -1.0000000000000000e+00
 -5.1275999999999999e-01
 -5.2522500000000005e-01
 -5.2614099999999997e-01
 -5.2622400000000003e-01
 -5.2730299999999997e-01
 -5.7231900000000002e-01
 -1.0252420000000000e+00
 -4.6575899999999998e-01
 -9.6900299999999995e-01
 -4.4885000000000001e-02
 -1.3169999999999999e-02
 -1.0887000000000001e-02
 -1.0739000000000000e-02
 -1.0717000000000001e-02
 -1.0163000000000000e-02
 -4.4260000000000002e-03
 -5.7440199999999997e-01
 -1.1950330000000000e+00
 -5.8903399999999995e-01
 -6.7721699999999996e-01
 -6.8380200000000002e-01
 -6.8420499999999995e-01
 -6.8315599999999999e-01
 -6.3804399999999994e-01
 -1.8686200000000000e-01
 -2.2922799999999999e-01
 -4.7690500000000002e-01
 -1.6250700000000001e-01
 -1.7691399999999999e-01
 -1.7800600000000000e-01
 -1.7808599999999999e-01
 -1.7846999999999999e-01
 -1.9449300000000000e-01
 -3.8770300000000002e-01
 -1.0000000000000000e+00
 -1.0000000000000000e+00
 -3.4272799999999998e-01
 -2.9113800000000001e-01
 -2.8769400000000001e-01
 -2.8748899999999999e-01
 -2.8823199999999999e-01
 -3.0269900000000000e-01
 -1.7507900000000001e-01
 -1.0000000000000000e+00
 -1.0000000000000000e+00
 -1.0623339999999999e+00
 -1.1185060000000000e+00
 -1.1222529999999999e+00
 -1.1225120000000000e+00
 -1.1232850000000001e+00
 -1.1082339999999999e+00
 -3.5118600000000000e-01
 -1.0000000000000000e+00
 -1.0000000000000000e+00
 -2.3999999999999998e-03
 -2.6020000000000001e-03
 -2.6159999999999998e-03
 -2.6280000000000001e-03
 -3.1619999999999999e-03
 -4.4794000000000000e-02
 -5.9723099999999996e-01
 -2.0182530000000001e+00
 -1.2091660000000000e+00
 -4.4044899999999998e-01
 -3.7580300000000000e-01
 -3.7146400000000002e-01
 -3.7124000000000001e-01
 -3.7371100000000002e-01
 -4.3672899999999998e-01
 -3.1856299999999999e-01
 -2.5626880000000001e+00
 -1.5353450000000000e+00
 -1.7335130000000001e+00
 -1.8332450000000000e+00
 -1.8399150000000000e+00
 -1.8405410000000000e+00
 -1.8492860000000000e+00
 -2.0302660000000001e+00
 -8.1137000000000004e-01
 -9.2554300000000000e-01
 -5.5450699999999997e-01
 -1.4139999999999999e-03
 -1.5399999999999999e-03
 -1.5490000000000000e-03
 -1.5560000000000001e-03
 -1.8799999999999999e-03
 -2.9637000000000000e-02
 -4.9833899999999998e-01
 -1.4338919999999999e+00
 -2.1577039999999998e+00
 -1.5239710000000000e+00
 -1.5307080000000000e+00
 -1.5311480000000000e+00
 -1.5313159999999999e+00
 -1.5375330000000000e+00
 -1.7109280000000000e+00
 -9.4320599999999999e-01
 -1.4193260000000001e+00
 -1.0024599999999999e+00
 -1.0068910000000000e+00
 -1.0071810000000001e+00
 -1.0072909999999999e+00
 -1.0113810000000001e+00
 -1.1254390000000001e+00
 -5.9645300000000001e-01
 -8.9753499999999997e-01
 -6.3392300000000001e-01
 -6.3672499999999999e-01
 -6.3690800000000003e-01
 -6.3697800000000004e-01
 -6.3956400000000002e-01
 -7.1169099999999996e-01
 -1.0000000000000000e+00
 -1.0000000000000000e+00
 -1.0000000000000000e+00
 -1.0000000000000000e+00
 -1.0000000000000000e+00
 -1.0000000000000000e+00
 -1.0000000000000000e+00
 -1.0000000000000000e+00
 -1.0000000000000000e+00
 -1.0000000000000000e+00
 -1.0000000000000000e+00
 -1.0000000000000000e+00
 -1.0000000000000000e+00
 -1.0000000000000000e+00
 -1.0000000000000000e+00
 -1.0000000000000000e+00
 -1.0000000000000000e+00
 -1.0000000000000000e+00
 -1.0000000000000000e+00
 -1.0000000000000000e+00
 -1.0000000000000000e+00
 -1.0000000000000000e+00
 -1.0000000000000000e+00
 -1.0000000000000000e+00
 -1.0000000000000000e+00
  1.0000000000000000e+00
  5.5083499999999996e-01
 -1.0000000000000000e+00
  1.6474949999999999e+00
  7.3959699999999995e-01
 -1.0000000000000000e+00
  8.4135162400000002e+02
  2.0404500000000000e-01
 -1.0000000000000000e+00
  1.0000000000000000e+00
  1.9564500000000001e-01
 -1.0000000000000000e+00
  1.0000000000000000e+00
  4.9830200000000002e-01
 -1.0000000000000000e+00
  3.1156220000000001e+00
  9.5354799999999995e-01
  6.6224922000000007e+01
 -1.0000000000000000e+00
 -3.3000000000000003e-05
  1.1506230200000000e+02
 -1.0000000000000000e+00
 -4.1000000000000000e-05
  2.3733869899999999e+02
 -1.0000000000000000e+00
 -8.5000000000000006e-05
  1.3324499499999999e+02
  2.5000000000000000e+00
  3.3000000000000003e-05
  2.3226390100000000e+02
  2.5000000000000000e+00
  4.1000000000000000e-05
  4.8018209800000000e+02
  2.5000000000000000e+00
  8.5000000000000006e-05
 -4.7337899999999999e-01
  1.0000000000000000e+00
 -2.1168799999999999e-01
 -5.7343200000000005e-01
  1.0000000000000000e+00
 -3.1667099999999998e-01
 -6.0899999999999995e-04
  1.0000000000000000e+00
 -4.5750039059999999e+03
  1.0075620000000001e+00
 -5.5083499999999996e-01
 -3.6814160160000001e+03
  1.0043240000000000e+00
 -4.4892199999999999e-01
 -1.7878179929999999e+03
  1.0020870000000000e+00
 -2.4300000000000000e-04
 -5.2605599999999997e-01
 -4.2598200000000003e-01
  1.0000000000000000e+00
 -4.7048800000000002e-01
 -5.6499999999999996e-04
 -4.3801000000000001e-01
  1.0000000000000000e+00
 -5.0500000000000002e-04
 -5.8600000000000004e-04
 -5.6138100000000002e-01
  1.0000000000000000e+00
 -6.4700000000000001e-04
 -1.0000000000000000e+00
 -1.0000000000000000e+00
 -1.0000000000000000e+00
  1.0000000000000000e+00
 -1.0000000000000000e+00
  6.1443999999999999e-02
  2.0480999999999999e-02
 -1.0000000000000000e+00
  4.1240600590000004e+03
  4.1240600590000004e+03
  4.1240600590000004e+03
  1.0000000000000000e+00
 -3.1622000000000000e+05
 -2.0034240234000001e+04
 -1.0000000000000000e+00
 -2.6256569820000000e+03
  2.2212899800000000e+02
  1.8737269999999999e+01
  9.4488200000000000e-01
  1.4943669430000000e+03
 -1.0207800000000000e+00
 -9.9185999999999996e-01
 -1.7922339999999998e+01
 -1.7922339999999998e+01
 -1.7922339999999998e+01
  8.6282899999999996e-01
  1.0497190000000001e+00
 -7.3414999999999997e-01
  8.1399999999999997e-03
 -2.2212899800000000e+02
  8.1399999999999997e-03
 -2.2212899800000000e+02
 -1.8080989999999999e+00
 -1.0913280000000001e+00
 -1.6293970000000000e+00
 -1.4448529999999999e+00
  1.0000000000000000e+00
  4.7364000000000003e-02
 -2.7897999999999999e-02
  4.5389999999999996e-03
  7.5792400000000004e+00
  2.5264129999999998e+00
 -1.0000000000000000e+00
 -1.0000000000000000e+00
 -1.0000000000000000e+00
 -1.0000000000000000e+00
 -1.0000000000000000e+00
 -1.0000000000000000e+00
  1.0266459999999999e+00
 -1.0000000000000000e+00
  1.0737239999999999e+00
 -1.0000000000000000e+00
  1.2081470000000001e+00
 -1.0000000000000000e+00
 -1.0000000000000000e+00
 -1.0000000000000000e+00
 -1.0000000000000000e+00
 -1.0000000000000000e+00
 -1.0000000000000000e+00
 -1.0000000000000000e+00
  9.9149726999999999e+01
 -1.0000000000000000e+00
 -3.3000000000000003e-05
  1.7263960299999999e+02
 -1.0000000000000000e+00
 -4.1000000000000000e-05
  3.5663980099999998e+02
 -1.0000000000000000e+00
 -8.5000000000000006e-05
  2.0000079299999999e+02
  2.5000000000000000e+00
  3.3000000000000003e-05
  3.4900329599999998e+02
  2.5000000000000000e+00
  4.1000000000000000e-05
  7.2206781000000001e+02
  2.5000000000000000e+00
  8.5000000000000006e-05
 -1.1483900000000000e-01
  1.0000000000000000e+00
 -1.1646000000000000e-02
 -4.1678399999999999e-01
  1.0000000000000000e+00
 -1.7006199999999999e-01
 -4.9676100000000001e-01
  1.0000000000000000e+00
 -2.4368899999999999e-01
 -5.2768618159999996e+03
  1.0050250000000001e+00
 -1.9564500000000001e-01
 -4.2415908200000003e+03
  1.0028740000000000e+00
 -4.9830200000000002e-01
 -2.0582939449999999e+03
  1.0013870000000000e+00
 -3.0605399999999999e-01
 -3.9872299999999999e-01
 -9.9097000000000005e-02
  1.0000000000000000e+00
 -8.0869999999999997e-02
 -4.8643799999999998e-01
 -1.0056000000000000e-01
  1.0000000000000000e+00
 -9.8659999999999998e-02
 -4.8411900000000002e-01
 -4.0267900000000001e-01
  1.0000000000000000e+00
 -3.9507300000000001e-01
 -1.0000000000000000e+00
 -1.0000000000000000e+00
 -1.0000000000000000e+00
  1.0000000000000000e+00
 -1.0000000000000000e+00
 -1.0000000000000000e+00
  3.2976230470000000e+03
  3.2976230470000000e+03
  3.2976230470000000e+03
  1.0000000000000000e+00
 -3.1622000000000000e+05
 -1.8966660156000002e+04
 -1.0000000000000000e+00
  2.2669870000000000e+01
  9.5486000000000004e-01
  2.2487060550000001e+03
 -1.0206550000000001e+00
 -9.9229500000000004e-01
 -2.1898568999999998e+01
 -2.1898568999999998e+01
 -2.1898568999999998e+01
  8.9000999999999997e-01
  1.0392049999999999e+00
  7.7050000000000000e-03
 -1.4613620000000000e+02
  7.7050000000000000e-03
 -6.5890499999999996e-01
 -1.1064970000000001e+00
 -1.0009090000000000e+00
  1.0000000000000000e+00
  6.8960000000000002e-03
 -1.0000000000000000e+00
 -1.0000000000000000e+00
 -1.0000000000000000e+00
 -1.0000000000000000e+00
 -1.0000000000000000e+00
 -1.0000000000000000e+00
  1.0000000000000000e+00
 -1.0000000000000000e+00
  1.0226759999999999e+00
 -1.0000000000000000e+00
  1.0914180000000000e+00
 -1.0000000000000000e+00
 -1.0000000000000000e+00
 -1.0000000000000000e+00
 -1.0000000000000000e+00
 -1.0000000000000000e+00
 -1.0000000000000000e+00
 -1.0000000000000000e+00
 -1.9969600000000001e-01
 -7.8596200000000005e-01
 -6.4099999999999997e-04
  4.0690399999999999e-01
  2.0247000000000001e-01
  7.9688000000000003e-01
  6.4999999999999997e-04
 -2.1665440000000000e+00
 -1.0000000000000000e+00
 -3.0001499999999998e-01
 -4.0746100000000002e-01
 -1.0000000000000000e+00
 -1.0000000000000000e+00
  1.0000000000000000e+00
  4.0690399999999999e-01
 -2.1665440000000000e+00
  1.0000000000000000e+00
  1.0000000000000000e+00
 -9.8629900000000004e-01
 -1.0000000000000000e+00
  1.0000000000000000e+00
  1.0000000000000000e+00
  3.5018579999999999e+00
  1.2418840000000000e+00
 -9.8629900000000004e-01
 -1.0000000000000000e+00
  1.0000000000000000e+00
  1.0000000000000000e+00
 -2.1495590000000000e+00
  9.3602399999999997e-01
 -9.8629900000000004e-01
 -1.0000000000000000e+00
  1.0000000000000000e+00
  1.0000000000000000e+00
  6.0259859999999996e+00
  4.0868380000000002e+00
  1.1955000000000000e-02
  6.1475000000000002e-01
  1.6059599999999999e-01
  5.9918099999999996e-01
 -1.1950000000000001e-02
 -6.1446100000000003e-01
 -1.6052000000000000e-01
 -1.0000000000000000e+00
  1.0000000000000000e+00
 -9.3351000000000003e-02
 -3.4681800000000002e-01
 -1.0000000000000000e+00
 -1.0000000000000000e+00
 -1.0000000000000000e+00
  1.0000000000000000e+00
 -5.9918099999999996e-01
  1.0000000000000000e+00
  1.0000000000000000e+00
  1.0000000000000000e+00
  1.3333420000000000e+01
  7.8730100000000003e-01
  1.0000000000000000e+00
  1.2120260000000000e+01
  7.7025100000000002e-01
 -7.8693100000000005e-01
  1.0205510000000000e+00
  7.8730100000000003e-01
  1.0000000000000000e+00
 -3.9843989999999998e+00
  6.8134200000000000e-01
 -7.8693100000000005e-01
  3.1870000000000002e-03
  7.8730100000000003e-01
  1.0000000000000000e+00
  1.9252158999999999e+01
  2.2369070000000000e+00
 -7.8693100000000005e-01
 -1.7008100000000001e-01
 -8.2969199999999999e-01
 -6.9700000000000003e-04
  2.5673629999999998e+00
  1.7000100000000001e-01
  8.2930199999999998e-01
  6.9700000000000003e-04
 -4.2847869999999997e+00
 -1.0000000000000000e+00
 -2.5546900000000000e-01
 -4.1224600000000000e-01
 -1.0000000000000000e+00
 -1.0000000000000000e+00
  1.0000000000000000e+00
  2.5673629999999998e+00
 -4.2847869999999997e+00
  1.0000000000000000e+00
  1.0000000000000000e+00
 -1.0004710000000001e+00
 -1.0000000000000000e+00
  1.0000000000000000e+00
  1.0000000000000000e+00
  2.9555289999999999e+00
  1.2544139999999999e+00
 -1.0004710000000001e+00
 -1.0000000000000000e+00
  1.0000000000000000e+00
  1.0000000000000000e+00
 -1.8159689999999999e+00
  9.4521200000000005e-01
 -1.0004710000000001e+00
 -1.0000000000000000e+00
  1.0000000000000000e+00
  1.0000000000000000e+00
  5.0849970000000004e+00
  4.1364789999999996e+00
  2.0247000000000001e-01
 -1.0000000000000000e+00
  7.9688000000000003e-01
 -1.0000000000000000e+00
  2.0398200000000000e-01
 -1.0000000000000000e+00
  9.8180000000000003e-03
  6.1664200000000002e-01
  9.5579400000000003e-01
 -9.8180000000000003e-03
 -6.1660999999999999e-01
 -1.6051499999999999e-01
 -1.0000000000000000e+00
  1.0000000000000000e+00
 -9.8218000000000000e-02
 -3.4856399999999998e-01
 -1.0000000000000000e+00
 -1.0000000000000000e+00
 -1.0000000000000000e+00
  1.0000000000000000e+00
 -9.5579400000000003e-01
  1.0000000000000000e+00
  1.0000000000000000e+00
  1.0000000000000000e+00
  1.3626709999999999e+01
  7.8698299999999999e-01
  1.0000000000000000e+00
  1.2682330000000000e+01
  7.6942900000000003e-01
 -7.8694200000000003e-01
  1.0583890000000000e+00
  7.8698299999999999e-01
  1.0000000000000000e+00
 -4.1684890000000001e+00
  6.8102799999999997e-01
 -7.8694200000000003e-01
  3.4160000000000002e-03
  7.8698299999999999e-01
  1.0000000000000000e+00
  2.0139959000000001e+01
  2.2394150000000002e+00
 -7.8694200000000003e-01
 -1.6786999999999999e-01
 -8.3148299999999997e-01
 -6.9999999999999999e-04
  4.3289929999999996e+00
  1.6786100000000001e-01
  8.3143900000000004e-01
  6.9999999999999999e-04
 -4.5292089999999998e+00
 -1.0000000000000000e+00
 -2.5301499999999999e-01
 -4.1256199999999998e-01
 -1.0000000000000000e+00
 -1.0000000000000000e+00
  1.0000000000000000e+00
  4.3289929999999996e+00
 -4.5292089999999998e+00
  1.0000000000000000e+00
  1.0000000000000000e+00
 -1.0000519999999999e+00
 -1.0000000000000000e+00
  1.0000000000000000e+00
  1.0000000000000000e+00
  2.9254359999999999e+00
  1.2552490000000001e+00
 -1.0000519999999999e+00
 -1.0000000000000000e+00
  1.0000000000000000e+00
  1.0000000000000000e+00
 -1.7975930000000000e+00
  9.4582400000000000e-01
 -1.0000519999999999e+00
 -1.0000000000000000e+00
  1.0000000000000000e+00
  1.0000000000000000e+00
  5.0331659999999996e+00
  4.1397830000000004e+00
  1.7000100000000001e-01
 -1.0000000000000000e+00
  8.2930199999999998e-01
 -1.0000000000000000e+00
  2.0397299999999999e-01
 -1.0000000000000000e+00
  9.6799999999999994e-03
  6.1671100000000001e-01
  1.6051799999999999e-01
  9.9729800000000002e-01
 -9.6799999999999994e-03
 -6.1673100000000003e-01
 -1.6052300000000000e-01
 -1.0000000000000000e+00
  1.0000000000000000e+00
 -9.8529000000000005e-02
 -3.4867100000000001e-01
 -1.0000000000000000e+00
 -1.0000000000000000e+00
 -1.0000000000000000e+00
  1.0000000000000000e+00
 -9.9729800000000002e-01
  1.0000000000000000e+00
  1.0000000000000000e+00
  1.0000000000000000e+00
  1.3646010000000000e+01
  7.8690899999999997e-01
  1.0000000000000000e+00
  1.2716189999999999e+01
  7.6935900000000002e-01
 -7.8693500000000005e-01
  1.0608970000000000e+00
  7.8690899999999997e-01
  1.0000000000000000e+00
 -4.1795749999999998e+00
  6.8099399999999999e-01
 -7.8693500000000005e-01
  3.4310000000000000e-03
  7.8690899999999997e-01
  1.0000000000000000e+00
  2.0193411000000001e+01
  2.2395320000000001e+00
 -7.8693500000000005e-01
 -1.6772300000000001e-01
 -8.3154099999999997e-01
 -7.0299999999999996e-04
  4.5319110000000000e+00
  1.6772899999999999e-01
  8.3156799999999997e-01
  7.0299999999999996e-04
 -4.5441880000000001e+00
 -1.0000000000000000e+00
 -2.5288899999999997e-01
 -4.1262900000000002e-01
 -1.0000000000000000e+00
 -1.0000000000000000e+00
  1.0000000000000000e+00
  4.5319110000000000e+00
 -4.5441880000000001e+00
  1.0000000000000000e+00
  1.0000000000000000e+00
 -9.9996700000000005e-01
 -1.0000000000000000e+00
  1.0000000000000000e+00
  1.0000000000000000e+00
  2.9235699999999998e+00
  1.2552939999999999e+00
 -9.9996700000000005e-01
 -1.0000000000000000e+00
  1.0000000000000000e+00
  1.0000000000000000e+00
 -1.7964899999999999e+00
  9.4585200000000003e-01
 -9.9996700000000005e-01
 -1.0000000000000000e+00
  1.0000000000000000e+00
  1.0000000000000000e+00
  5.0299350000000000e+00
  4.1401399999999997e+00
  1.6786100000000001e-01
 -1.0000000000000000e+00
  8.3143900000000004e-01
 -1.0000000000000000e+00
  2.0398600000000000e-01
 -1.0000000000000000e+00
  9.6469999999999993e-03
  6.1499700000000002e-01
  1.6066400000000000e-01
  1.0122750000000000e+00
 -9.6629999999999997e-03
 -6.1599899999999996e-01
 -1.6092600000000001e-01
 -1.0000000000000000e+00
  1.0000000000000000e+00
 -9.7739999999999994e-02
 -3.4838900000000000e-01
 -1.0000000000000000e+00
 -1.0000000000000000e+00
 -1.0000000000000000e+00
  1.0000000000000000e+00
 -1.0122750000000000e+00
  1.0000000000000000e+00
  1.0000000000000000e+00
  1.0000000000000000e+00
  1.3653370000000001e+01
  7.8530800000000001e-01
  1.0000000000000000e+00
  1.2536040000000000e+01
  7.6861400000000002e-01
 -7.8658799999999995e-01
  1.0618540000000001e+00
  7.8530800000000001e-01
  1.0000000000000000e+00
 -4.1203450000000004e+00
  6.8034499999999998e-01
 -7.8658799999999995e-01
  3.4370000000000000e-03
  7.8530800000000001e-01
  1.0000000000000000e+00
  1.9907200000000000e+01
  2.2374860000000001e+00
 -7.8658799999999995e-01
 -1.6769600000000001e-01
 -8.2983399999999996e-01
 -8.4400000000000002e-04
  4.5319130000000003e+00
  1.6796900000000001e-01
  8.3118599999999998e-01
  8.4500000000000005e-04
 -4.4769569999999996e+00
 -1.0000000000000000e+00
 -2.5422800000000001e-01
 -4.1467900000000002e-01
 -1.0000000000000000e+00
 -1.0000000000000000e+00
  1.0000000000000000e+00
  4.5319120000000002e+00
 -4.4769569999999996e+00
  1.0000000000000000e+00
  1.0000000000000000e+00
 -9.9837299999999995e-01
 -1.0000000000000000e+00
  1.0000000000000000e+00
  1.0000000000000000e+00
  2.9258000000000002e+00
  1.2548710000000001e+00
 -9.9837299999999995e-01
 -1.0000000000000000e+00
  1.0000000000000000e+00
  1.0000000000000000e+00
 -1.7994740000000000e+00
  9.4529600000000003e-01
 -9.9837299999999995e-01
 -1.0000000000000000e+00
  1.0000000000000000e+00
  1.0000000000000000e+00
  5.0329780000000000e+00
  4.1465319999999997e+00
  1.6772899999999999e-01
 -1.0000000000000000e+00
  8.3156799999999997e-01
 -1.0000000000000000e+00
  2.0458699999999999e-01
 -1.0000000000000000e+00
  8.9580000000000007e-03
  5.6239200000000000e-01
  1.7143200000000000e-01
  1.5349870000000001e+00
 -9.3679999999999996e-03
 -5.8815700000000004e-01
 -1.7928500000000000e-01
 -1.0000000000000000e+00
  1.0000000000000000e+00
 -7.6425000000000007e-02
 -3.3630700000000002e-01
 -1.0000000000000000e+00
 -1.0000000000000000e+00
 -1.0000000000000000e+00
  1.0000000000000000e+00
 -1.5349870000000001e+00
  1.0000000000000000e+00
  1.0000000000000000e+00
  1.0000000000000000e+00
  1.3927700000000000e+01
  7.4278100000000002e-01
  1.0000000000000000e+00
  7.7124139999999999e+00
  7.3753999999999997e-01
 -7.7681100000000003e-01
  1.0977920000000001e+00
  7.4278100000000002e-01
  1.0000000000000000e+00
 -2.5345339999999998e+00
  6.5320800000000001e-01
 -7.7681100000000003e-01
  3.6610000000000002e-03
  7.4278100000000002e-01
  1.0000000000000000e+00
  1.2244490000000001e+01
  2.1513860000000000e+00
 -7.7681100000000003e-01
 -1.6726400000000000e-01
 -7.7757799999999999e-01
 -1.1351000000000000e-02
  3.9419710000000001e+00
  1.7492700000000000e-01
  8.1320199999999998e-01
  1.1871000000000000e-02
 -2.5680820000000000e+00
 -1.0000000000000000e+00
 -3.1132300000000002e-01
 -4.5572699999999999e-01
 -1.0000000000000000e+00
 -1.0000000000000000e+00
  1.0000000000000000e+00
  3.9419710000000001e+00
 -2.5680820000000000e+00
  1.0000000000000000e+00
  1.0000000000000000e+00
 -9.5619399999999999e-01
 -1.0000000000000000e+00
  1.0000000000000000e+00
  1.0000000000000000e+00
  3.1494540000000000e+00
  1.2129980000000000e+00
 -9.5619399999999999e-01
 -1.0000000000000000e+00
  1.0000000000000000e+00
  1.0000000000000000e+00
 -1.9859190000000000e+00
  9.0706799999999999e-01
 -9.5619399999999999e-01
 -1.0000000000000000e+00
  1.0000000000000000e+00
  1.0000000000000000e+00
  5.3936869999999999e+00
  4.2274630000000002e+00
  1.6796900000000001e-01
 -1.0000000000000000e+00
  8.3118599999999998e-01
 -1.0000000000000000e+00
  2.3079700000000000e-01
 -1.0000000000000000e+00
  4.9560000000000003e-03
  2.0925099999999999e-01
  4.3415700000000002e-01
  6.1773840000000000e+00
 -5.6860000000000001e-03
 -2.4009000000000000e-01
 -4.9814100000000000e-01
 -1.0000000000000000e+00
  1.0000000000000000e+00
 -5.1900000000000002e-02
 -2.2819900000000001e-01
 -1.0000000000000000e+00
 -1.0000000000000000e+00
 -1.0000000000000000e+00
  1.0000000000000000e+00
 -6.1773840000000000e+00
  1.0000000000000000e+00
  1.0000000000000000e+00
  1.0000000000000000e+00
  2.2884661000000001e+01
  6.4836400000000005e-01
  1.0000000000000000e+00
  1.0434500000000000e+00
  4.2175900000000000e-01
 -7.4391799999999997e-01
  2.5197029999999998e+00
  6.4836400000000005e-01
  1.0000000000000000e+00
 -3.4146599999999999e-01
  3.7989000000000001e-01
 -7.4391799999999997e-01
  1.7728000000000001e-02
  6.4836400000000005e-01
  1.0000000000000000e+00
  1.6460520000000001e+00
  1.3054760000000001e+00
 -7.4391799999999997e-01
  1.7492700000000000e-01
 -1.0000000000000000e+00
  8.1320199999999998e-01
 -1.0000000000000000e+00
  6.6961899999999996e-01
 -1.0000000000000000e+00
  6.3180579999999997e+00
  1.0081210000000000e+00
  2.1016520000000001e+00
  9.8324999999999996e-01
  1.0216340000000001e+01
  9.7112200000000004e-01
  4.7715329999999998e+00
  1.0168969999999999e+00
  1.5445530000000001e+00
  9.6515200000000001e-01
  7.4032580000000001e+00
  9.3991999999999998e-01
  2.7676480099999998e+02
  8.8770700000000002e-01
  1.9219039900000001e+02
  1.2620629999999999e+00
  4.6529739400000000e+02
  8.3730000000000004e-01
  4.0263531499999999e+02
  9.3272299999999997e-01
  2.4395159899999999e+02
  1.1570060000000000e+00
  6.9442571999999996e+02
  9.0252399999999999e-01
  2.1471689999999999e+00
  7.3310399999999998e-01
  1.8303540000000000e+00
  7.7070700000000003e-01
  5.4194959999999996e+00
  9.1068000000000005e-01
  1.5934600000000001e+00
  4.4472800000000001e-01
  1.5193589999999999e+00
  5.2295999999999998e-01
  5.9272710000000002e+00
  8.1417099999999998e-01
  8.6013230000000007e+00
  5.8171499999999998e-01
  6.1974850000000004e+00
  5.3220699999999999e-01
  3.7670330000000000e+01
  1.1683300000000001e+00
  1.0955349999999999e+01
  7.4939900000000004e-01
  8.2864269999999998e+00
  7.1973799999999999e-01
  3.5092930000000003e+01
  1.1008490000000000e+00
  4.3389200000000000e-01
  2.2797130000000001e+00
  1.1375700000000000e-01
  6.0698200000000002e-01
  4.0354699999999999e-01
  8.0050000000000000e-03
  1.1577040000000001e+00
  4.0422279999999997e+00
  4.1932599999999998e-01
  2.4496110000000000e+00
  1.0246500000000000e-01
  3.6475200000000002e-01
  1.7257449299999999e+02
  1.4917610000000000e+01
  1.6158450300000001e+02
  1.2093800000000000e+01
  1.4531449900000001e+02
  5.7400960000000003e+00
  4.5019999999999999e-03
  9.5263600000000004e-01
 -1.0000000000000000e+00
  9.4488200000000000e-01
  1.9882059000000002e+01
  1.5998699999999999e+01
  7.7694989999999997e+00
  1.0081400000000000e+00
  9.8828979000000004e+01
  1.4755580100000000e+02
  1.3084370400000000e+02
  1.0000000000000000e+00
  1.8011980000000001e+00
  1.0000000000000000e+00
  2.1962210000000000e+00
  1.0000000000000000e+00
  2.0607380000000002e+00
  1.9882059000000002e+01
  9.7404500000000005e-01
  1.5998699999999999e+01
  9.3133800000000000e-01
  7.7694989999999997e+00
  8.2771399999999995e-01
 -1.0000000000000000e+00
 -1.0000000000000000e+00
  5.6357999999999998e-02
  5.6357999999999998e-02
  5.6357999999999998e-02
 -1.0000000000000000e+00
 -1.0000000000000000e+00
  7.3959699999999995e-01
  7.3959699999999995e-01
  7.3959699999999995e-01
 -1.0000000000000000e+00
 -1.0000000000000000e+00
  2.0404500000000000e-01
  2.0404500000000000e-01
  2.0404500000000000e-01
  1.0000000000000000e+00
 -1.0000000000000000e+00
  1.0000000000000000e+00
 -1.0000000000000000e+00
  1.0000000000000000e+00
 -1.0000000000000000e+00
  1.0000000000000000e+00
  1.0000000000000000e+00
  1.0000000000000000e+00
  1.0000000000000000e+00
  1.0000000000000000e+00
  1.0000000000000000e+00
 -1.9453890000000001e+01
  1.0000000000000000e+00
 -9.5304000000000000e-02
 -2.2090309000000001e+01
  1.0000000000000000e+00
 -8.8197999999999999e-02
 -4.9563591000000002e+01
  1.0000000000000000e+00
 -1.0700000000000000e-04
  1.7973449700000000e+02
 -2.5957400000000002e+00
  1.0000000000000000e+00
 -9.6216999999999997e-02
 -1.0000000000000000e+00
 -1.0000000000000000e+00
 -1.0000000000000000e+00
  9.6216999999999997e-02
 -8.8940000000000009e-03
  9.3082799999999999e-01
  9.3082799999999999e-01
  9.3082799999999999e-01
 -1.1383520000000000e+00
  9.5341999999999996e-02
  8.1769800000000004e-01
 -5.5083499999999996e-01
  4.6135000000000002e-02
  8.1769800000000004e-01
 -4.4892199999999999e-01
  3.7599000000000000e-02
  6.8068650000000002e+00
 -2.0190000000000000e-03
  1.6899999999999999e-04
 -6.0313600000000001e-01
 -1.1914260000000001e+00
 -2.0901000000000000e-01
 -2.3236599999999999e-01
 -1.5881989999999999e+00
  1.0000000000000000e+00
 -8.9607000000000006e-02
 -1.7894779999999999e+00
  1.0000000000000000e+00
 -8.2282999999999995e-02
 -4.0128040000000000e+00
  1.0000000000000000e+00
 -1.0000000000000000e-04
  1.1868740000000000e+00
 -8.7134299999999998e-01
  9.9185999999999996e-01
 -7.3414999999999997e-01
 -1.0000000000000000e+00
 -1.0000000000000000e+00
 -1.0000000000000000e+00
  8.9782499999999998e-01
 -1.0242700000000000e-01
  2.6330248999999998e+02
  1.6710229999999999e+01
  2.5231250000000000e+02
  1.5091379999999999e+01
  2.3604249600000000e+02
  1.1440289999999999e+01
  6.8430000000000001e-03
  9.6227399999999996e-01
 -1.0000000000000000e+00
  9.5486000000000004e-01
  3.5042121999999999e+01
  2.8167190999999999e+01
  1.3668540000000000e+01
  1.0077050000000001e+00
  8.5846763999999993e+01
  1.4416209400000000e+02
  1.3040539600000000e+02
  1.0000000000000000e+00
  1.6589050000000001e+00
  1.0000000000000000e+00
  2.1064970000000001e+00
  1.0000000000000000e+00
  2.0009090000000000e+00
  3.5042121999999999e+01
  1.0000000000000000e+00
  2.8167190999999999e+01
  9.7782700000000000e-01
  1.3668540000000000e+01
  9.1623900000000003e-01
 -1.0000000000000000e+00
 -1.0000000000000000e+00
  3.4350000000000001e-03
  3.4350000000000001e-03
  3.4350000000000001e-03
 -1.0000000000000000e+00
 -1.0000000000000000e+00
  4.3017000000000000e-02
  4.3017000000000000e-02
  4.3017000000000000e-02
 -1.0000000000000000e+00
 -1.0000000000000000e+00
  9.5354799999999995e-01
  9.5354799999999995e-01
  9.5354799999999995e-01
  1.0000000000000000e+00
 -1.0000000000000000e+00
  1.0000000000000000e+00
 -1.0000000000000000e+00
  1.0000000000000000e+00
 -1.0000000000000000e+00
  1.0000000000000000e+00
  1.0000000000000000e+00
  1.0000000000000000e+00
  1.0000000000000000e+00
  1.0000000000000000e+00
  1.0000000000000000e+00
 -4.7613000000000003e-02
  1.0000000000000000e+00
 -2.3000000000000000e-05
 -5.7464000000000001e-02
  1.0000000000000000e+00
 -3.5300000000000002e-04
 -1.2956000000000001e-01
  1.0000000000000000e+00
 -1.7624999999999998e-02
  2.7046249399999999e+02
 -2.8000669999999999e+00
  1.0000000000000000e+00
 -1.6856930000000001e+00
 -1.0000000000000000e+00
 -1.0000000000000000e+00
 -1.0000000000000000e+00
  1.6856930000000001e+00
 -1.4266699999999999e-01
  1.2149699999999999e-01
  1.2149699999999999e-01
  1.2149699999999999e-01
 -1.1383520000000000e+00
  2.1231000000000000e-02
  6.0555800000000004e-01
 -1.9490000000000000e-02
  3.6299999999999999e-04
  3.3579300000000001e-01
 -1.3533800000000001e-01
  2.5240000000000002e-03
  1.0673100000000001e-01
 -9.5354799999999995e-01
  1.7784000000000001e-02
 -9.0759199999999995e-01
 -5.7118219999999997e+00
 -9.3568399999999996e-01
 -1.0346550000000001e+00
 -4.3241000000000002e-02
  1.0000000000000000e+00
 -2.5999999999999998e-05
 -5.2174999999999999e-02
  1.0000000000000000e+00
 -3.9199999999999999e-04
 -1.1763100000000000e-01
  1.0000000000000000e+00
 -1.9599999999999999e-02
  5.3140780000000003e+00
 -1.0021840000000000e+00
  3.4483700000000000e-01
 -2.6478600000000002e-01
 -1.0000000000000000e+00
 -1.0000000000000000e+00
 -1.0000000000000000e+00
  1.7669710000000001e+00
 -1.7474100000000001e-01
  9.9149726999999999e+01
 -1.0000000000000000e+00
 -3.3000000000000003e-05
  1.7263960299999999e+02
 -1.0000000000000000e+00
 -4.1000000000000000e-05
  3.5663980099999998e+02
 -1.0000000000000000e+00
 -8.5000000000000006e-05
  2.0000079299999999e+02
  2.5000000000000000e+00
  3.3000000000000003e-05
  3.4900329599999998e+02
  2.5000000000000000e+00
  4.1000000000000000e-05
  7.2206781000000001e+02
  2.5000000000000000e+00
  8.5000000000000006e-05
  1.0000000000000000e+00
 -9.9999999999999995e-07
  1.0000000000000000e+00
 -5.1099999999999995e-04
  1.0000000000000000e+00
 -9.5438900000000004e-01
  1.0050250000000001e+00
 -3.4350000000000001e-03
  1.0028740000000000e+00
 -4.3017000000000000e-02
  1.0013870000000000e+00
 -9.5354799999999995e-01
  1.0000000000000000e+00
 -4.8999999999999998e-05
  1.0000000000000000e+00
 -2.1779999999999998e-03
  1.0000000000000000e+00
 -4.2872000000000000e-02
  1.0000000000000000e+00
 -1.0000000000000000e+00
  1.5000000000000000e+00
  5.0000000000000000e-01
  1.0000000000000000e+00
 -3.1622000000000000e+05
 -1.2132580078000001e+04
 -1.0000000000000000e+00
 -2.0451810547000001e+04
  9.1527509769999997e+03
  9.1463570000000001e+00
  3.7729999999999999e-03
  2.2487060550000001e+03
 -1.2505300000000000e-01
  6.7587999999999995e-02
  6.5087119999999999e+01
 -1.8859000000000001e-01
 -9.1527509769999997e+03
  7.5439400000000001e-01
 -9.1527509769999997e+03
 -6.9047832030000000e+03
  1.0000000000000000e+00
  1.8569300000000000e-01
 -5.0000000000000000e-01
  1.9200000000000000e-04
  2.6684519999999998e+00
  8.8948400000000005e-01
  5.2397099999999996e-01
  2.5902729999999998e+00
  1.2090400000000000e-01
  1.0000000000000000e+00
  3.6607699999999999e-01
  1.8322999999999999e-02
  5.3070799999999996e-01
  2.6120320000000001e+00
  1.2143800000000000e-01
  1.0000000000000000e+00
  3.6327500000000001e-01
  1.9399000000000000e-02
  5.3114799999999995e-01
  2.6134469999999999e+00
  1.2147300000000000e-01
  1.0000000000000000e+00
  3.6309200000000003e-01
  1.9470000000000001e-02
  5.3131600000000001e-01
  2.6139860000000001e+00
  1.2148600000000000e-01
  1.0000000000000000e+00
  3.6302200000000001e-01
  1.9498000000000001e-02
  5.3753300000000004e-01
  2.6338800000000000e+00
  1.2198000000000001e-01
  1.0000000000000000e+00
  3.6043599999999998e-01
  2.0539000000000002e-02
  7.1092800000000000e-01
  3.1304669999999999e+00
  1.3573600000000000e-01
  1.0000000000000000e+00
  2.8830899999999998e-01
  7.1489999999999998e-02
