  9.5012928514717543e-01
  2.3113851357428783e-01
  6.0684258354178655e-01
  4.8598246870929973e-01
  8.9129896614890158e-01
  7.6209683302739473e-01
  4.5646766516834136e-01
  1.8503643248224400e-02
  8.2140716429525329e-01
  4.4470336435319419e-01
  6.1543234810009473e-01
  7.9193703742703536e-01
  9.2181297074480251e-01
  7.3820724581066532e-01
  1.7626614449461800e-01
  4.0570621306209548e-01
  9.3546969910760547e-01
  9.1690443991340764e-01
  4.1027020699094535e-01
  8.9364953091353361e-01
  5.7891304784268557e-02
  3.5286813221700036e-01
  8.1316649730375778e-01
  9.8613006609235606e-03
  1.3889088195694987e-01
  2.0276521856027316e-01
  1.9872174266148965e-01
  6.0379247919381929e-01
  2.7218792496996036e-01
  1.9881426776106215e-01
  1.5273927029036270e-02
  7.4678567656442929e-01
  4.4509643228794682e-01
  9.3181457846166471e-01
  4.6599434167542403e-01
  4.1864946772750622e-01
  8.4622141782432447e-01
  5.2515249630517236e-01
  2.0264735765038730e-01
  6.7213746847428846e-01
  8.3811844505238675e-01
  1.9639513864817500e-02
  6.8127716128213534e-01
  3.7948101802799805e-01
  8.3179601760960653e-01
  5.0281288399625090e-01
  7.0947139270338677e-01
  4.2889236534099673e-01
  3.0461736686939433e-01
  1.8965374754717498e-01
  1.9343115640521508e-01
  6.8222322359138354e-01
  3.0276440077660899e-01
  5.4167385389808764e-01
  1.5087297614976464e-01
  6.9789848185986336e-01
  3.7837300051267109e-01
  8.6001160488681960e-01
  8.5365513066276766e-01
  5.9356291253968163e-01
  4.9655244970310286e-01
  8.9976917516960997e-01
  8.2162916073534276e-01
  6.4491038419384439e-01
  8.1797434083924514e-01
  6.6022755644160236e-01
  3.4197061827021574e-01
  2.8972589585623815e-01
  3.4119356941488349e-01
  5.3407901762660048e-01
  7.2711321692967690e-01
  3.0929015979095775e-01
  8.3849604493808050e-01
  5.6807246100777575e-01
  3.7041355663211650e-01
  7.0273991324037688e-01
  5.4657115182910621e-01
  4.4488020467291217e-01
  6.9456724042554752e-01
  6.2131013079541342e-01
  7.9482108020092646e-01
  9.5684344844487701e-01
  5.2259034908070778e-01
  8.8014220741132732e-01
  1.7295614127523659e-01
  9.7974689678884097e-01
  2.7144725864179986e-01
  2.5232934687399033e-01
  8.7574189981807438e-01
  7.3730598846525575e-01
  1.3651874225970972e-01
  1.1756687353117969e-02
  8.9389796644525332e-01
  1.9913806720573829e-01
  2.9872301210221447e-01
  6.6144257638232495e-01
  2.8440858974994460e-01
  4.6922428521100107e-01
  6.4781122963272486e-02
  9.8833493827763075e-01
  5.8279168156123085e-01
  4.2349625685105075e-01
  5.1551175214076284e-01
  3.3395147997175861e-01
  4.3290659610672910e-01
  2.2594986814444651e-01
  5.7980687324959901e-01
  7.6036500980434407e-01
  5.2982311671606608e-01
  6.4052649898983527e-01
  2.0906940443842001e-01
  3.7981837035079113e-01
  7.8332864986771267e-01
  6.8084575139722969e-01
  4.6109512665669888e-01
  5.6782871242883426e-01
  7.9421065137261471e-01
  5.9182593471071111e-02
  6.0286908566699238e-01
  5.0268803746872939e-02
  4.1537486044322269e-01
  3.0499867700349187e-01
  8.7436717158762622e-01
  1.5009498676616266e-02
  7.6795039001114140e-01
  9.7084493925562343e-01
  9.9008259261306264e-01
  7.8886169223375258e-01
  4.3865853377091202e-01
  4.9831130344848046e-01
  2.1396333159616626e-01
  6.4349228788534996e-01
  3.2003557746649691e-01
  9.6009860036901051e-01
  7.2663176664189799e-01
  4.1195320816864478e-01
  7.4456578310615540e-01
  2.6794725070937425e-01
  4.3992430956534156e-01
  9.3338010818958972e-01
  6.8333232433848468e-01
  2.1255986433873661e-01
  8.3923824033619521e-01
  6.2878460002407377e-01
  1.3377274847342632e-01
  2.0713272964135501e-01
  6.0719894453953038e-01
  6.2988784884230808e-01
  3.7047682605189630e-01
  5.7514777904746850e-01
  4.5142482676247669e-01
  4.3895325347143958e-02
  2.7185122996674655e-02
  3.1268504808014530e-01
  1.2862574672997461e-02
  3.8396728849430173e-01
  6.8311596780459982e-01
  9.2842461740919799e-02
  3.5338323969155580e-02
  6.1239548137302247e-01
  6.0854036122399158e-01
  1.5759817919750670e-02
  1.6354933549996512e-02
  1.9007458907972571e-01
  5.8691847188467339e-01
  5.7581089878288548e-02
  3.6756803882634420e-01
  6.3145116474444318e-01
  7.1763442146569734e-01
  6.9266939471778777e-01
  8.4079060750444620e-02
  4.5435514975555241e-01
  4.4182829690634229e-01
  3.5325045500069058e-01
  1.5360636252349175e-01
  6.7564464963341220e-01
  6.9921332774126244e-01
  7.2750912921793065e-01
  4.7838438095665731e-01
  5.5484198634167692e-01
  1.2104711303641431e-01
  4.5075394097938659e-01
  7.1588294817297449e-01
  8.9284160814575320e-01
  2.7310247022514239e-01
  2.5476929556228328e-01
  8.6560347774475188e-01
  2.3235037062753247e-01
  8.0487174411570606e-01
  9.0839754344851831e-01
  2.3189431811232514e-01
  2.3931256446898513e-01
  4.9754484071249744e-02
  7.8384074770045054e-02
  6.4081540987001717e-01
  1.9088657039756024e-01
  8.4386949887435847e-01
  1.7390024846178426e-01
  1.7079281374167976e-01
  9.9429549051391974e-01
  4.3979085694638004e-01
  3.4004794885569045e-01
  3.1421731054402874e-01
  3.6507838692866967e-01
  3.9323955120645754e-01
  5.9152520374644579e-01
  1.1974661695180849e-01
  3.8128796767371236e-02
  4.5859795466495673e-01
  8.6986735040700824e-01
  9.3423651891762316e-01
  2.6444916614927411e-01
  1.6030033919718048e-01
  8.7285525701962940e-01
  2.3788030773556615e-01
  6.4583124997498875e-01
  9.6688742090893098e-01
  6.6493121192534410e-01
  8.7038102590597732e-01
  9.9273047633475116e-03
  1.3700989170762021e-01
  8.1875582651427758e-01
  4.3016604904689693e-01
  8.9032172376942775e-01
  7.3490821176594578e-01
  6.8732359160410139e-01
  3.4611196774117420e-01
  1.6603473877721886e-01
  1.5561257631705383e-01
  1.9111631141994179e-01
  4.2245152588753904e-01
  8.5597570728074757e-01
  4.9024998701603562e-01
  8.1593476896683603e-01
  4.6076983141348388e-01
  4.5735438024749980e-01
  4.5068888163272097e-01
  4.1221906102003802e-01
  9.0160982476524465e-01
  5.5839391975379925e-03
  2.9740567895925940e-01
  4.9162489096085719e-02
  6.9318045325608491e-01
  6.5010640991247115e-01
  9.8298778204642678e-01
  5.5267324344362501e-01
  4.0007351584052409e-01
  1.9878851977783604e-01
  6.2520102286732204e-01
  7.3336280189143455e-01
  3.7588548168313685e-01
  9.8764628987858052e-03
  4.1985780631021896e-01
  7.5366962581358721e-01
  7.9387177473231862e-01
  9.1995720669587144e-01
  8.4472150190817474e-01
  3.6775288246828447e-01
  6.2080133182114383e-01
  7.3127726446634478e-01
  1.9389317998466821e-01
  9.0481233416635698e-01
  5.6920574967174709e-01
  6.3178992922175603e-01
  2.3441295540825388e-01
  5.4878212553858818e-01
  9.3158335257969060e-01
  3.3519743020639464e-01
  6.5553105501201447e-01
  3.9190420688900335e-01
  6.2731478808399666e-01
  6.9908013774533750e-01
  3.9718395379261456e-01
  4.1362889533818031e-01
  6.5521294635567051e-01
  8.3758509883185706e-01
  3.7160803224266203e-01
  4.2525315848265133e-01
  5.9466337145256787e-01
  5.6573857208571454e-01
  7.1654239725004931e-01
  5.1131144816889762e-01
  7.7640121193349176e-01
  4.8934547589849853e-01
  1.8590445122522317e-01
  7.0063540514611722e-01
  9.8270880190626142e-01
  8.0663774928874266e-01
  7.0356765500359675e-01
  4.8496371932456839e-01
  1.1461282117064009e-01
  6.6485556714020599e-01
  3.6537389168912127e-01
  1.4004445653473122e-01
  5.6677280030310628e-01
  8.2300831429066679e-01
  6.7394863209535993e-01
  9.9944730494940126e-01
  9.6163640714857024e-01
  5.8862165455589796e-02
  3.6031117091978010e-01
  5.4851281373460126e-01
  2.6176956987179328e-01
  5.9734484793384368e-01
  4.9277996596014277e-02
  5.7105749438466469e-01
  7.0085723323733118e-01
  9.6228825871716162e-01
  7.5051823194426670e-01
  7.3999304537847466e-01
  4.3187338560697303e-01
  6.3426595631547555e-01
  8.0302634023193031e-01
  8.3881007001034319e-02
  9.4546278791038740e-01
  9.1594245989412193e-01
  6.0198742363800350e-01
  2.5356057873233129e-01
  8.7345080554039345e-01
  5.1340070999627674e-01
  7.3265064912939271e-01
  4.2222658611939473e-01
  9.6136999885630958e-01
  7.2059238552008867e-02
  5.5340796803038550e-01
  2.9198392114244054e-01
  8.5796351308407526e-01
  3.3575513868620960e-01
  6.8020385037050679e-01
  5.3444421318486333e-02
  3.5665553727759630e-01
  4.9830459603553257e-01
  4.3444053822029388e-01
  5.6245841710734734e-01
  6.1662113016546360e-01
  1.1333998089855525e-01
  8.9825174061313451e-01
  7.5455137523865246e-01
  7.9112319571066758e-01
  8.1495206793322938e-01
  6.7000386489368224e-01
  2.0087641229516237e-01
  2.7308816154696575e-01
  6.2623463865050688e-01
  5.3685169481750616e-01
  5.9504050920499714e-02
  8.8961759475324781e-02
  2.7130817438169985e-01
  4.0907231577105335e-01
  4.7404145037447942e-01
  9.0898934903531525e-01
  5.9624713810572416e-01
  3.2895530216403990e-01
  4.7819442572534587e-01
  5.9717077926034456e-01
  1.6144875489995061e-01
  8.2947425087385984e-01
  9.5612240635487722e-01
  5.9554799520202995e-01
  2.8748213211489747e-02
  8.1211781885968015e-01
  6.1011357615926010e-01
  7.0149260086257725e-01
  9.2196202719672715e-02
  4.2488914130868671e-01
  3.7557665845574595e-01
  1.6615408098479853e-01
  8.3315145945263658e-01
  8.3863970465896798e-01
  4.5161402924606303e-01
  9.5660138173987164e-01
  1.4715323645638292e-01
  8.6993292986806692e-01
  7.6943640015517667e-01
  4.4416161570397161e-01
  6.2062012099286046e-01
  9.5168928079750070e-01
  6.4000965554655187e-01
  2.4732762906932831e-01
  3.5270199475311675e-01
  1.8786048049776272e-01
  4.9064435811553442e-01
  4.0927432915450712e-01
  4.6352558377640202e-01
  6.1094354987249289e-01
  7.1168465871555037e-02
  3.1428028914193629e-01
  6.0838365519773674e-01
  1.7502018195036764e-01
  6.2102743354959333e-01
  2.4595993376676889e-01
  5.8735821515589215e-01
  5.0605345382526901e-01
  4.6477892381786329e-01
  5.4141893028953092e-01
  9.4232656949594185e-01
  3.4175909007041078e-01
  4.0180434257302367e-01
  3.0768793545853124e-01
  4.1156795933261087e-01
  2.8593923239719854e-01
  3.9412761118583534e-01
  5.0301448551217909e-01
  7.2197984634097134e-01
  3.0620854545698534e-01
  1.1216371189116499e-01
  4.4328995994462900e-01
  4.6676255217035045e-01
  1.4668875279349616e-02
  6.6405186602462118e-01
  7.2406170870986297e-01
  2.8163360301245510e-01
  2.6181867810571452e-01
  7.0847140486544080e-01
  7.8385902280488529e-01
  9.8615780656198115e-01
  4.7334270540113227e-01
  9.0281883426912579e-01
  4.5105876120527100e-01
  8.0451680863960395e-01
  8.2886447626092297e-01
  1.6627011669737349e-01
  3.9390600531964565e-01
  5.2075748437407210e-01
  7.1812397228036695e-01
  5.6918951876742652e-01
  4.6080617332598611e-01
  4.4530705340682281e-01
  8.7744606123989974e-02
  4.4348321523342715e-01
  3.6629984599465693e-01
  3.0253381852374750e-01
  8.5184469733234425e-01
  7.5947938787995917e-01
  9.4975928462912151e-01
  5.5793850904665054e-01
  1.4233015923299758e-02
  5.9617708449161588e-01
  8.1620570916196344e-01
  9.7709235484151213e-01
  2.2190807954052844e-01
  7.0368366740575372e-01
  5.2206091530257359e-01
  9.3289705665171452e-01
  7.1335444351185007e-01
  2.2803890292789866e-01
  4.4964210466929955e-01
  1.7219969548301112e-01
  9.6882014323575005e-01
  3.5571610445703727e-01
  4.9046828129675493e-02
  7.5533857179174146e-01
  8.9481276347670524e-01
  2.8614965045487595e-01
  2.5120054628267946e-01
  9.3273619135768959e-01
  1.3098246912364711e-01
  9.4081954229381648e-01
  7.0185317357047861e-01
  8.4767646817946229e-01
  2.0927164066244447e-01
  4.5509169077270217e-01
  8.1073725242863312e-02
  8.5112240092385527e-01
  5.6204867652388890e-01
  3.1929629639523355e-01
  3.7489926144760016e-01
  8.6779569791162192e-01
  3.7217624011919598e-01
  7.3690055674807853e-02
  1.9983799570814031e-01
  4.9493279663685920e-02
  5.6670977912370901e-01
  1.2192474984542775e-01
  5.2211176356215638e-01
  1.1706015233299684e-01
  7.6991847758366450e-01
  3.7505579665969407e-01
  8.2338720365026685e-01
