  1.3889088195694987e-01
  2.0276521856027316e-01
  1.9832539580864983e-01
  4.6445575322601480e-03
  2.8349169582157652e-01
  3.8233416651375293e+04
 -6.5602351167690598e-01
 -8.9019286457589364e-01
 -2.5798317195886526e+00
  1.5040478162334459e+00
 -9.5967253892909488e-01
  1.0915164200760563e-01
  3.8789245240722181e-01
  4.9686111343017793e-02
  8.1562861129842267e+03
  2.1259071890792231e+04
  2.2682439537601418e+04
  4.7977467834151048e-03
  7.2675758507998386e-03
  2.8264458343574463e-03
  9.2217922569270833e-03
  4.5289957815351613e-03
  1.3132465165980019e-03
  2.4690938932179617e-04
  8.1735225069221518e-01
  4.4424669389605659e-01
  6.0906443345482386e-01
  7.8723108229883565e-01
  9.1916131896154041e-01
  7.3820724581066532e-01
  1.7626614449461800e-01
  4.0570621306209548e-01
  5.0025006238470660e+00
  1.6415190061120160e+00
  1.0215976801103157e+00
  4.8024953249223705e+02
  6.8323558155999217e+02
  2.3353212445606939e+00
  2.0230385232783068e+04
 -3.2274614217653011e+03
  2.8972589585623815e-01
  3.4119356941488349e-01
  5.3407901762660048e-01
  2.4237107230989231e-03
  3.1620231858876707e-01
 -2.1147132918377633e+03
 -3.2539456743794232e-01
 -2.1831814582723705e+00
 -1.5132426848576552e+00
 -1.3079837328982824e-01
 -6.9456724042554752e-01
 -1.2742163574992119e+01
 -1.8466181351374307e+00
 -5.6283485580297388e+00
  1.2884764058712838e+02
 -1.3055543053617461e+02
 -8.6187251186222639e+01
  7.5708120988127918e-03
  2.6272379765703555e-03
  1.7939518690421974e-03
  1.9342660796227576e-03
  7.8710629589395418e-04
  2.3682546615368433e-04
  1.9616630330497098e-01
  6.8288269582821903e-01
  3.0396628898026695e-01
  5.3923132201537660e-01
  1.5048314975415053e-01
  6.9702733005304129e-01
  3.7837300051267109e-01
  8.6001160488681960e-01
  8.5365513066276766e-01
  2.2070593386384725e+00
  9.9808920046445837e-01
  1.4039542694193172e-01
  1.2653564086980333e+02
  1.4617490501969013e+02
  1.1467991994058011e+00
  1.6333581970083284e+04
  1.7407718215631940e+02
  8.3609890524515249e+03
  8.3796954004109139e+03
  9.5012928514717543e-01
 -9.3757532848427232e+00
 -3.4343865102806266e+00
  3.7948101802799805e-01
 -7.6005082050773490e+03
  1.2535469489587342e+04
  2.4595993376676889e-01
 -4.3746156944674967e+03
 -2.5104224914067143e+02
 -1.2018496169047732e+02
 -6.7821331497681185e+03
  6.9023323444745211e+03
  4.2164675116894168e+03
  4.4424903664902166e+02
  3.6204196942069640e+00
  1.2861266422625555e+04
  7.0148187559704309e+02
 -2.2330769176451131e+03
  2.2303261159886479e+03
  3.2155805802829711e+00
 -2.8646943886668105e+03
  4.4523202443106811e+02
  3.4678199666038627e+00
  3.6378476020334812e+04
  7.6280144439124806e+03
 -3.8463825478111340e+02
 -2.0292908123818901e+02
  5.8817453496384167e+02
 -1.0602233559073849e+04
  1.2535294469406466e+04
  6.2102743354959333e-01
 -2.6344731681219267e+05
 -7.6207458442689414e+04
  1.4450093057143895e+03
 -4.3556278387644728e+04
  4.2111390129043379e+04
  7.3800327432109470e+03
  2.1188707720547023e+04
  4.0834401293057722e+03
 -1.5763126636297579e+05
 -1.9709808230098675e+05
 -1.5559706865195254e+04
 -3.6795929065145046e+01
 -9.3207191759239947e+01
 -3.8589394185782901e+01
  2.6342384883767744e+02
  3.0184228773726068e+02
  2.1023921181091924e+02
  1.5167083039493620e+04
  1.1802029425941006e+04
  5.8605720905064154e+03
 -1.5938121002642045e+04
 -3.9185948511498100e+03
 -8.9411249724319878e+03
  4.6003692419652464e+02
 -9.6697292983485761e+02
 -4.1703205733646087e+02
 -2.3094916003328805e+02
  3.7430016308538200e+02
  4.4748254945045170e+02
 -6.6503996687016195e+02
 -1.3877324509365569e+03
 -3.3439702645820803e+03
  1.0352157581723104e+03
  1.4599622960975519e+03
  2.2186463260075184e+03
  2.7716857568321948e+03
  3.1833579982092028e+03
  1.2359160956685765e+01
  4.2374739202926161e+04
  7.0253131940659194e+04
  4.1840012624793846e+04
 -6.7000096688484145e+00
 -3.8527537027681378e+00
 -1.8703535471851191e+00
 -3.3310611952550162e+00
 -1.9113661089915264e+00
 -9.2431073656912766e-01
  1.9135825516863247e+00
  1.3197891808965136e+00
  9.4343777974987930e-01
  7.1645086956568704e-01
  3.0481094603499304e-01
  1.1184986757862472e-01
  1.7156192009074269e+00
  1.4956433210494846e+00
  6.9481415038900174e-01
  1.8790724790910515e+03
  1.2735965993033922e+00
  4.1220089200065793e+01
  2.6608662887348669e+02
  2.7047799749754193e+02
  3.2583348302283888e+00
  2.6005744090590943e+04
  3.7902984339864844e+02
 -8.7448442394188985e-01
 -9.0883214673301890e-02
  3.7624035011143275e-01
 -3.5387066111102683e+02
 -1.0424714730063306e+03
 -1.8495997048078530e+03
  2.4120982746269074e+03
  4.1284279717326463e+03
  8.1663282394579155e+03
 -1.2642552802085608e+02
 -7.2605870381644067e+01
 -3.5145621848262408e+01
 -6.2672899192927403e+01
 -3.5914916082570635e+01
 -1.7360259477709860e+01
  3.0393729853170058e+01
  1.8000175651296797e+01
  8.6851928950591404e+00
  8.8377690805174713e-01
  7.3130212032364883e-01
  6.8486193230250081e-01
  2.4050353809388803e+01
  1.9357570571438519e+01
  1.2866401168295209e+01
  6.5176674566519461e+04
  2.9686067660885347e+00
  1.4927264865720065e+03
  3.2452001358465378e+02
 -1.2284197972314180e+03
  7.7035208776193898e+01
  7.5107954727693374e+04
  4.0976498899371830e+02
  8.4898036679888311e-01
  8.4175892631352589e-01
  8.3794192539576540e-02
  1.5314240190743508e+03
  1.4505851199270187e+03
  7.1103342869090375e+02
  4.3905109447626499e+04
  7.1735298846824953e+04
  1.3113296782089351e+05
  2.0199485262692956e+03
  1.3522692660559153e+02
  3.0677464507633387e+00
  4.1575003437475125e+03
 -5.2657060999581667e+01
 -7.4821503268735876e+02
  7.4401552662264953e+02
  4.3933992446939101e+00
 -3.2796908797561396e+03
  1.3607164810749970e+02
  3.3207949001161978e+00
  5.2733950962176918e+04
  7.4077445867106080e+03
 -6.7936735857619908e+01
 -5.9953294921484485e+02
  6.6820096233693107e+02
  1.6886290112900972e+03
 -2.4459840679566174e+01
  2.6999935682950542e+00
  1.3120274075095228e+03
 -2.6963130675641372e+02
 -2.8974120906114479e+02
  2.9028229030811838e+02
  2.3531996495990021e-01
  7.8207814853182788e+02
  1.7019442864151338e+03
  1.1146666081410572e+01
 -1.2707894559861402e+03
 -2.3865177308113608e+01
  2.8507973934593891e+00
  7.0502191622075596e+04
  8.3900582712787400e+03
 -2.0852355470195647e+01
  2.0264801526722611e+01
  1.0988653916419346e+00
  3.4719263035372496e+03
  8.8513173566235288e+00
  2.1342549962093398e+00
  2.4056858114487345e+03
 -1.8468539476439227e+02
 -5.2236613764605727e+02
  5.2231236615188743e+02
  1.0304949076588100e-01
 -2.8782937242308787e+01
  3.2464823579208223e+02
  3.1631399063612906e+00
 -1.3033158186833195e+03
  9.2116285275433079e+00
  1.8475117523465319e+00
  7.0757126371010498e+04
  8.3876305002808149e+03
 -3.9887342774753996e+01
  2.8998295620163784e+01
  1.1486392002524054e+01
  3.4431118395646618e+03
  5.1709036198277559e+01
  1.5857421824747386e+00
  2.4514757524480251e+03
 -1.7134295737524465e+02
 -5.3286329753958796e+02
  5.3162081500558907e+02
  2.1004460470810749e+00
  1.3151944280191910e+02
  5.9188339027114023e+02
  4.3466119934499767e+00
 -2.2552214776417832e+03
  5.2670406197133872e+01
  2.0670909119531151e+00
  6.3242418124175420e+04
  7.9687147035818443e+03
 -4.3183938569643161e+01
 -2.4140608348494430e+02
  2.8488200597572990e+02
  2.7001716613216804e+03
  1.7411646597644362e+03
  1.5136829439227297e+00
  1.9397495607195017e+03
  3.0200040910107811e+02
 -4.2138459306605176e+02
  3.5862118948763577e+02
  6.3172475894187016e+01
  3.4376247559405391e+02
  9.4828182157327865e+02
  6.7202078884524603e+00
 -1.8457491285146425e+04
  1.7417015114592539e+03
  1.5431406524775546e+00
 -1.1797607652583547e+05
 -7.8196617505920731e+03
 -1.3389285467322370e+02
 -1.0836827099195583e+04
  1.0970991262043188e+04
 -9.6606733367664547e+03
  2.6459899477485935e+04
  1.4541788930022299e+00
 -4.0437112815278371e+04
 -7.0800192212168959e+03
  1.5042327178805826e+03
 -7.0445340146273829e+03
  5.5412578981285405e+03
  8.5979524218244351e+03
  1.4745188691295891e+04
  1.0321897144148377e+02
 -2.1465432246587134e+04
  2.6460065631566918e+04
  1.4596671382085613e+00
 -1.2354957002771930e+05
 -5.1130859407660842e+04
 -8.2144107149394233e+02
 -6.5469109432731791e+04
  6.6291002118254983e+04
  1.1606362607664515e+05
  1.9419404963117905e+05
  6.5211129405710944e+03
  6.0515012540928146e+03
  1.8192233897861886e+04
  3.7424810038952528e+03
  4.4305242813053437e+03
  1.4384969534683496e+04
  4.1516439399784040e+03
 -7.6403230024197244e+00
 -1.0997506812105065e+01
 -4.5427774404594938e+00
  1.2409412721192298e+01
  2.1143750191504218e+01
  2.8639713536802283e+01
  1.0564059055843969e+04
  1.2392828777790162e+04
  4.1854644489957418e+03
  1.5028605027784082e+04
  2.5048789592626748e+04
  4.8224066492005577e+03
 -9.6924651321835800e+00
 -1.3641463179660713e+01
 -2.2714068275618322e+00
  3.9065143838846956e+02
 -3.7161701460217085e+02
 -1.9325250219147898e+02
  1.2159222253340240e+03
  5.2452921544934907e+03
  1.6605298019831798e+03
  1.0483171158956444e+04
  2.8679355911370280e+04
  1.1470867810875193e+05
  1.6171564745793646e+02
  3.4136837340681330e+02
  1.4227483663594492e+03
  4.2874049790980303e+02
 -1.4823489484099630e+02
  4.2531378204790224e+02
  7.0438003058252843e+02
  1.1318519753628680e+03
  1.0224955145103839e+03
 -3.6324100018084226e+02
 -1.1189320149800656e+03
 -2.2338250333365249e+03
 -1.3248333660033083e+00
 -1.2998683392570114e+00
 -6.9127800528964090e-01
 -8.7047821624775590e-01
 -8.5804004235066911e-01
 -3.3802755028895032e-01
 -1.4697529472395920e-01
  3.8750116628335540e-01
  9.3108233645310967e-01
  6.0705042040736714e+02
  5.4191111385880242e+02
  5.3872746107643729e+02
  8.5577327224233116e+01
  2.2230276148572827e+02
 -6.8134477993532591e+03
  2.5495591187318132e+00
 -4.0550184849617049e+03
  4.9671553406055436e+03
  1.3721017963725351e+03
  4.4410355601758198e+02
  7.9594861038518320e+02
  7.1664392813017332e+02
  7.1228976105341144e+02
  2.3622849521974763e+02
 -2.7851900986367929e+02
 -2.9877970055611917e+02
  2.6274528715641336e+03
  4.7534489038490228e+03
  1.1462460848320887e+04
  3.8096519079019663e+02
 -1.6602521920823226e+03
  3.7810167189233738e+02
  3.2949974545022720e+04
  3.0930072402771082e+04
  3.3908152291175364e+04
  1.5324183145648647e+03
  1.4839280473784881e+03
  7.7640602139808436e+02
 -3.2845032646882849e-01
 -3.7931140285427339e-01
 -4.0747256713193586e-01
  2.6307487727761730e-01
 -2.5956478590246490e-01
 -3.6934377036456462e-01
  1.1134295329481572e+00
  1.0020592655107063e+00
  9.5664944955920594e-01
  1.2038059170012551e+05
  1.1851310270810509e+05
  1.1830584330168340e+05
  2.2384263125392340e+03
  6.2683056983493188e+03
  1.5407974396943187e+04
 -5.4625964916374992e-01
 -6.1855894269161890e+03
 -5.0113100827733469e+04
  7.2383692341432343e+03
  1.2535414957066490e+04
  1.2645542645662160e+05
  1.2452336331698863e+05
  1.2430986539096339e+05
  3.3637803339849247e+03
  2.6350047862867938e+04
  1.4732941495317544e+04
 -1.2642367953774448e+02
 -7.2605897291585990e+01
 -3.5146083981895508e+01
 -6.2675989397241054e+01
 -3.5915895206674314e+01
 -1.7359792605450782e+01
  3.1199191012009862e+01
  1.7897195168611645e+01
  8.4814364346593454e+00
  4.4530079440278891e-01
  1.7020623268479365e-01
  9.6596851014518093e-01
  2.4060288909266703e+01
  1.9240850616687897e+01
  1.3466304634233305e+01
  7.1462959146033254e+03
  1.5138607151665495e+00
 -2.6449744580148117e+03
  6.7594278157589486e+01
  2.7465435233554143e+02
  3.3225795802285325e+00
  3.7170942441251100e+04
 -7.5519227344223054e+02
  3.0218192429401842e+02
  1.7023361906220227e+03
  6.4257931940700587e+02
 -1.0975487444693689e+01
  3.2531309135922243e+02
  1.8189153039076302e+02
  5.0631395678638611e+01
  5.9196727127814120e+02
  2.7180661434824674e+02
  1.3174481298837077e+02
  9.4839516155417721e+02
  3.9073031229180401e+02
  3.2646824821462287e+03
  1.4746144813702245e+04
  5.0545070079695115e+03
  3.7075577990208563e+04
  1.9419440233317381e+05
  9.1219762219213764e+04
