  3.0000000000000000e+00
 -3.5999419999999997e-02
 -1.7637099999999999e-02
 -7.7217789999999998e-03
  1.0000000000000000e+00
  2.0000000000000000e+00
  1.0000000000000000e+00
  2.0000000000000000e+00
  1.0000000000000000e+00
  2.0000000000000000e+00
  4.5000000000000001e-01
  4.0000000000000000e+00
  1.0000000000000001e-01
  4.0000000000000000e+00
  4.5000000000000001e-01
  4.0000000000000000e+00
  4.0000000000000000e+00
  1.0000000000000000e+00
  1.0000000000000000e+00
  1.0000000000000000e+00
  4.0000000000000000e+00
  1.0000000000000000e+00
  1.0000000000000000e+00
  1.0000000000000000e+00
  1.0000000000000000e+00
  1.0000000000000000e+00
  1.0000000000000000e+00
  1.0000000000000000e+00
  1.0000000000000000e+00
  1.0000000000000000e+00
  3.6666666666666670e+00
  1.0003688948611600e-01
  1.2218533273610600e-01
  5.0018444743057999e-02
  6.1092666368053099e-02
  1.0000000000000000e+00
  1.0000000000000000e+00
  1.0000000000000000e+00
  1.0000000000000000e+00
  1.0000000000000000e+00
  1.0000000000000000e+00
  1.0000000000000000e+00
  1.0000000000000000e+00
  1.0000000000000000e+00
  3.6655599820831902e-01
  3.5334071123055653e+00
  1.0003688948611600e-01
  1.0000000000000000e+00
  1.0000000000000000e+00
  1.0000000000000000e+00
  1.0000000000000000e+00
  1.0000000000000000e+00
  1.0000000000000000e+00
  1.0000000000000000e+00
  1.0000000000000000e+00
  1.0000000000000000e+00
  3.0011066845834800e-01
  3.5777039988055459e+00
  1.2218533273610600e-01
  1.0000000000000000e+00
  1.0000000000000000e+00
  1.0000000000000000e+00
  1.0000000000000000e+00
  1.0000000000000000e+00
  1.0000000000000000e+00
  1.0000000000000000e+00
  1.0000000000000000e+00
  1.0000000000000000e+00
  3.6655599820831902e-01
  2.0007377897223200e-01
  3.2833148885902750e+00
  1.5005533422917400e-01
  1.0000000000000000e+00
  1.0000000000000000e+00
  1.0000000000000000e+00
  1.0000000000000000e+00
  1.0000000000000000e+00
  1.0000000000000000e+00
  1.0000000000000000e+00
  1.0000000000000000e+00
  1.0000000000000000e+00
  3.0011066845834800e-01
  2.4437066547221201e-01
  1.8327799910415901e-01
  3.2722406669652799e+00
