WEST0479 chemical eng. problem                                         |west047 
           597            30            95           472
rua                      479           479          1887             0
(16I5)          (20I4)          (4E18.10)           
    1    4    7   10   12   14   19   24   27   30   33   37   40   43   46   48
   50   55   58   61   64   67   70   73   76   78   80   82   84   86   88   90
   92   96  102  104  106  109  113  116  119  122  125  128  130  132  137  142
  145  148  151  155  158  161  164  166  168  173  176  179  182  185  188  191
  193  195  197  199  201  203  205  207  209  213  219  221  223  226  230  233
  236  238  239  246  248  249  256  260  295  303  305  306  320  334  348  352
  381  386  388  389  400  411  422  430  439  443  446  447  459  471  483  491
  507  513  516  517  528  539  550  559  568  577  586  595  604  613  622  631
  640  649  658  667  676  685  694  703  712  721  730  739  748  757  766  774
  782  790  798  806  814  817  820  823  826  829  832  835  838  841  844  847
  850  853  856  858  861  864  867  871  875  879  886  896  898  900  907  912
  918  921  923  925  927  929  931  933  935  937  939  942  945  948  951  954
  957  960  963  966  969  972  975  979  983  987  992 1000 1002 1004 1010 1013
 1017 1018 1020 1022 1024 1026 1028 1030 1032 1034 1036 1044 1047 1050 1053 1054
 1060 1066 1072 1080 1086 1087 1090 1091 1097 1103 1109 1117 1120 1123 1126 1127
 1133 1139 1145 1147 1149 1151 1158 1164 1165 1168 1169 1175 1181 1187 1195 1198
 1201 1204 1205 1211 1217 1223 1225 1227 1229 1237 1243 1244 1247 1248 1254 1260
 1266 1274 1277 1280 1283 1284 1290 1296 1302 1304 1306 1308 1316 1322 1323 1326
 1327 1333 1339 1345 1353 1356 1359 1362 1363 1369 1375 1381 1383 1385 1387 1395
 1401 1402 1405 1406 1412 1418 1424 1432 1435 1438 1441 1442 1448 1454 1460 1462
 1464 1466 1474 1480 1481 1484 1485 1491 1497 1503 1505 1507 1509 1511 1513 1515
 1517 1519 1521 1523 1525 1527 1529 1531 1533 1535 1537 1539 1541 1543 1545 1547
 1549 1551 1553 1555 1557 1559 1561 1563 1565 1567 1569 1571 1573 1575 1578 1582
 1586 1588 1590 1592 1594 1596 1598 1603 1608 1613 1615 1617 1619 1621 1623 1625
 1628 1631 1634 1636 1638 1643 1648 1651 1654 1657 1661 1664 1667 1670 1672 1674
 1679 1681 1683 1685 1688 1692 1696 1698 1700 1702 1704 1706 1708 1713 1718 1723
 1725 1727 1729 1731 1733 1735 1738 1741 1744 1746 1748 1753 1758 1761 1764 1767
 1771 1774 1777 1780 1782 1784 1789 1792 1795 1798 1801 1804 1807 1809 1811 1813
 1815 1817 1819 1821 1823 1825 1829 1835 1837 1839 1842 1846 1849 1852 1854 1856
 1858 1860 1862 1864 1866 1868 1870 1872 1874 1876 1878 1880 1882 1884 1886 1888
  25  31  87  26  31  88  27  31  89  28  29  29  30  30  31  87  88  89  32  43
 111 112 113  33  43 111  34  43 112  35  43 113  36  37  38  39  37  43 111  38
  43 112  39  43 113  40  42  41  42  42  43 111 112 113   2   8  11   3   9  12
   4  10  13   5   8  11   6   9  12   7  10  13   8  17  27   9  17  10  17  11
  18  12  18  13  18  14  17  15  17  16  17  17  19  30  42  18  20  23  24  30
  41  19  21  20  21  21  22  30  22  24  40  41  23  30  42  24  30  42  68  74
  99  69  74 100  70  74 101  71  72  72  73  73  74  99 100 101  75  86 123 124
 125  76  86 123  77  86 124  78  86 125  79  80  81  82  80  86 123  81  86 124
  82  86 125  83  85  84  85  85  86 123 124 125  45  51  54  46  52  55  47  53
  56  48  51  54  49  52  55  50  53  56  51  60  52  60  53  60  54  61  55  61
  56  61  57  60  58  60  59  60  60  62  73  85  61  63  66  67  73  84  62  64
  63  64  64  65  73  65  67  83  84  66  73  85  67  73  85  31 244  43   1  17
  18  31  35  43 243  74 388  86  44  60  61  74  78  86 387 385 386 387 388  96
  97  98 120 121 122 141 142 143 185 186 187 389 438 439 440 441 442 443 450 451
 452 455 456 458 459 461 462 463 464 472 473 474 475 476 182 183 184 391 455 456
 458 468 388 467 479 203 204 205 209 210 211 382 385 437 453 454 467 469 479 203
 204 205 209 210 211 383 386 437 453 454 467 470 479 203 204 205 209 210 211 384
 387 437 453 454 467 471 479 241 242 243 244 108 109 110 132 133 134 245 395 396
 397 398 399 400 407 408 409 412 413 415 416 418 419 420 421 429 430 431 432 433
 246 412 413 415 425 244 424 436 160 161 162 238 241 394 410 411 424 426 436 160
 161 162 239 242 394 410 411 424 427 436 160 161 162 240 243 394 410 411 424 428
 436 241 242 243 244 253 254 255 256 135 136 137 151 152 153 245 248 249 148 149
 150 247 244 248 256 249 147 169 170 171 175 176 177 238 241 248 249 253 147 169
 170 171 175 176 177 239 242 248 249 254 147 169 170 171 175 176 177 240 243 248
 249 255 363 364 365 366 385 386 387 388 215 216 217 218 219 220 227 228 229 232
 233 235 236 389 392 393 232 233 235 368 369 390 366 388 392 393 181 194 195 196
 230 231 363 382 385 392 393 181 194 195 196 230 231 364 383 386 392 393 181 194
 195 196 230 231 365 384 387 392 393  93  96 248 262 284 306 328 350 372  94  97
 248 262 284 306 328 350 372  95  98 248 262 284 306 328 350 372  93  96 248 262
 284 306 328 350 372  94  97 248 262 284 306 328 350 372  95  98 248 262 284 306
 328 350 372 105 108 264 286 308 330 352 374 392 106 109 264 286 308 330 352 374
 392 107 110 264 286 308 330 352 374 392 105 108 264 286 308 330 352 374 392 106
 109 264 286 308 330 352 374 392 107 110 264 286 308 330 352 374 392 117 120 249
 263 285 307 329 351 373 118 121 249 263 285 307 329 351 373 119 122 249 263 285
 307 329 351 373 117 120 249 263 285 307 329 351 373 118 121 249 263 285 307 329
 351 373 119 122 249 263 285 307 329 351 373 129 132 265 287 309 331 353 375 393
 130 133 265 287 309 331 353 375 393 131 134 265 287 309 331 353 375 393 129 132
 265 287 309 331 353 375 393 130 133 265 287 309 331 353 375 393 131 134 265 287
 309 331 353 375 393 135 141 266 288 310 332 354 376 136 142 267 289 311 333 355
 377 137 143 268 290 312 334 356 378 135 141 266 288 310 332 354 376 136 142 267
 289 311 333 355 377 137 143 268 290 312 334 356 378 138 148 238 139 149 239 140
 150 240 144 182 382 145 183 383 146 184 384 395 401 404 396 402 405 397 403 406
 398 401 404 399 402 405 400 403 406 160 401 410 161 402 410 162 403 163 404 411
 164 405 411 165 406 411 160 161 407 410 160 162 408 410 161 162 409 410 163 164
 165 410 412 423 435 157 163 164 165 411 413 416 417 423 434 412 414 413 414 158
 163 164 165 414 415 423 157 415 417 433 434 163 164 165 416 423 435 417 423 435
 148 178 149 179 150 180 148 166 149 167 150 168 148 154 149 155 150 156 215 221
 224 216 222 225 217 223 226 218 221 224 219 222 225 220 223 226 194 221 230 195
 222 230 196 223 230 197 224 231 198 225 231 199 226 231 194 195 227 230 194 196
 228 230 195 196 229 230 197 198 199 230 232 191 197 198 199 231 233 236 237 232
 234 233 234 192 197 198 199 234 235 191 235 237 197 198 199 236 237 182 212 183
 213 184 214 182 200 183 201 184 202 182 188 183 189 184 190 241 242 243 244 253
 254 255 256 257 264 265 246 247 258 244 256 264 265 241 250 253 261 264 265 242
 251 254 261 264 265 243 252 255 261 264 265 253 254 255 256 275 276 277 278 257
 262 263 266 267 268 259 256 262 278 263 250 253 260 262 263 275 251 254 260 262
 263 276 252 255 260 262 263 277 253 254 255 256 275 276 277 278 279 286 287 258
 259 280 256 278 286 287 253 272 275 283 286 287 254 273 276 283 286 287 255 274
 277 283 286 287 250 269 251 270 252 271 275 276 278 297 298 299 300 279 284 285
 288 289 290 281 278 284 300 285 272 275 282 284 285 297 273 276 282 284 285 298
 274 277 282 284 285 299 275 276 277 278 297 298 299 300 301 308 309 280 281 302
 278 300 308 309 275 294 297 305 308 309 276 295 298 305 308 309 277 296 299 305
 308 309 272 291 273 292 274 293 297 298 299 300 319 320 321 322 301 306 307 310
 311 312 303 300 306 322 307 294 297 304 306 307 319 295 298 304 306 307 320 296
 299 304 306 307 321 297 298 299 300 319 320 321 322 323 330 331 302 303 324 300
 322 330 331 297 316 319 327 330 331 298 317 320 327 330 331 299 318 321 327 330
 331 294 313 295 314 296 315 319 320 321 322 341 342 343 344 323 328 329 332 333
 334 325 322 328 344 329 316 319 326 328 329 341 317 320 326 328 329 342 318 321
 326 328 329 343 319 320 321 322 341 342 343 344 345 352 353 324 325 346 322 344
 352 353 319 338 341 349 352 353 320 339 342 349 352 353 321 340 343 349 352 353
 316 335 317 336 318 337 341 342 343 344 363 364 365 366 345 350 351 354 355 356
 347 344 350 366 351 338 341 348 350 351 363 339 342 348 350 351 364 340 343 348
 350 351 365 341 342 343 344 363 364 365 366 367 374 375 346 347 368 344 366 374
 375 341 360 363 371 374 375 342 361 364 371 374 375 343 362 365 371 374 375 338
 357 339 358 340 359 363 364 365 366 385 386 387 388 367 372 373 376 377 378 369
 366 372 388 373 360 363 370 372 373 385 361 364 370 372 373 386 362 365 370 372
 373 387 360 379 361 380 362 381  87  93  88  94  89  95  90  96  91  97  92  98
  99 105 100 106 101 107 102 108 103 109 104 110 111 117 112 118 113 119 114 120
 115 121 116 122 123 129 124 130 125 131 126 132 127 133 128 134 135 138 136 139
 137 140 141 144 142 145 143 146 151 154 152 155 153 156 157 158 159 158 163 164
 165 159 163 164 165 160 163 161 164 162 165 163 166 164 167 165 168 169 172 175
 176 177 170 173 175 176 177 171 174 175 176 177 172 175 173 176 174 177 175 178
 176 179 177 180 102 418 424 103 419 424 104 420 424 421 422 422 423 102 103 104
 423 424 126 127 128 425 436 126 426 436 127 427 436 128 428 436 429 430 431 432
 126 430 436 127 431 436 128 432 436 433 435 434 435 126 127 128 435 436 185 188
 186 189 187 190 191 192 193 192 197 198 199 193 197 198 199 194 197 195 198 196
 199 197 200 198 201 199 202 203 206 209 210 211 204 207 209 210 211 205 208 209
 210 211 206 209 207 210 208 211 209 212 210 213 211 214  90 461 467  91 462 467
  92 463 467 464 465 465 466  90  91  92 466 467 114 115 116 468 479 114 469 479
 115 470 479 116 471 479 472 473 474 475 114 473 479 115 474 479 116 475 479 476
 478 477 478 114 115 116 478 479 438 444 447 439 445 448 440 446 449 441 444 447
 442 445 448 443 446 449 444 453 445 453 446 453 447 454 448 454 449 454 450 453
 451 453 452 453 453 455 466 478 454 456 459 460 466 477 455 457 456 457 457 458
 466 458 460 476 477 459 466 478 460 466 478 266 269 267 270 268 271 288 291 289
 292 290 293 310 313 311 314 312 315 332 335 333 336 334 337 354 357 355 358 356
 359 376 379 377 380 378 381
  1.0000000000E+00 -3.7648000000E-02 -3.4424000000E-01  1.0000000000E+00
 -2.4523000000E-02 -3.7370900000E-01  1.0000000000E+00 -3.6613000000E-02
 -8.3693800000E-01  1.3000000000E+02 -2.4337670000E+00  1.0000000000E+00
 -1.6140910000E+00  1.6140910000E+00 -2.1873200000E-01 -1.0000000000E+00
 -1.0000000000E+00 -1.0000000000E+00 -1.1383520000E+00  3.6694000000E-02
  9.9316000000E-02  9.9316000000E-02  9.9316000000E-02 -5.0000000000E-01
  1.6117000000E-02  8.7246000000E-02 -3.6119200000E-01  1.1643000000E-02
  1.0504100000E-01 -3.2188800000E-01  1.0376000000E-02  1.4041700000E-01
 -4.3624200000E-01 -7.6804300000E-01 -1.4302800000E-01 -1.5938900000E-01
  1.0000000000E+00 -4.8561000000E-02 -2.6286800000E-01  1.0000000000E+00
 -3.0926000000E-02 -2.7901300000E-01  1.0000000000E+00 -4.6124000000E-02
 -6.2418800000E-01  5.2824360000E+00 -6.1239200000E-01  2.8868200000E-01
 -2.1638200000E-01  1.3287740000E+00 -3.6946900000E-01 -1.0000000000E+00
 -1.0000000000E+00 -1.0000000000E+00  4.8176472000E+01 -1.0000000000E+00
 -3.3000000000E-05  8.3500000000E+01 -1.0000000000E+00 -4.1000000000E-05
  1.7194119300E+02 -1.0000000000E+00 -8.5000000000E-05  9.6651382000E+01
  2.5000000000E+00  3.3000000000E-05  1.6827059900E+02  2.5000000000E+00
  4.1000000000E-05  3.4758718900E+02  2.5000000000E+00  8.5000000000E-05
  1.0000000000E+00 -1.1069700000E-01  1.6052320000E+00  1.0000000000E+00
 -8.9809000000E-02  1.0000000000E+00 -1.5173700000E-01  1.0104550000E+00
 -5.0000000000E-01  1.0059780000E+00 -3.0000000000E-01  1.0028850000E+00
 -2.0000000000E-01  1.0000000000E+00 -1.8118500000E-01  1.0000000000E+00
 -2.4002400000E-01  1.0000000000E+00 -2.2654800000E-01  1.0000000000E+00
 -1.0000000000E+00  1.5000000000E+00  5.0000000000E-01  1.0000000000E+00
 -3.1622000000E+05 -1.2323690430E+04 -1.0000000000E+00 -3.5226800781E+04
  1.8449019531E+04  5.2983390000E+00  2.4530000000E-03  1.0808590090E+03
 -2.0502200000E-01  1.4419200000E-01  6.3059860000E+01 -1.1593000000E-01
 -1.8449019531E+04  8.4533400000E-01 -1.8449019531E+04 -1.5595580078E+04
  1.0000000000E+00  2.0204900000E-01 -8.8547100000E-01  1.0000000000E-04
  2.4483390000E+00  8.1611300000E-01  1.0000000000E+00 -2.2800000000E-04
 -2.6243900000E-01  1.0000000000E+00 -4.1900000000E-04 -3.2162000000E-01
  1.0000000000E+00 -1.5770000000E-03 -7.2647600000E-01  3.0000000000E+02
 -2.8518910000E+00  1.0000000000E+00 -2.8701600000E-01  2.8701600000E-01
 -4.3410000000E-03 -1.0000000000E+00 -1.0000000000E+00 -1.0000000000E+00
 -1.1383520000E+00  4.2003000000E-02  9.4148100000E-01  9.4148100000E-01
  9.4148100000E-01 -3.2188800000E-01  1.1877000000E-02  1.3310950000E+00
 -3.6119200000E-01  1.3327000000E-02  9.9575300000E-01 -5.0000000000E-01
  1.8449000000E-02  8.2705600000E-01 -1.0000000000E+00 -1.9240000000E+01
 -3.8030000000E+00 -9.4810000000E+00  1.0000000000E+00 -8.8800000000E-04
 -9.9474000000E-02  1.0000000000E+00 -1.3310000000E-03 -9.9474000000E-02
  1.0000000000E+00 -2.2190000000E-03 -9.9474000000E-02  1.1776130000E+00
 -3.1089630000E+00  9.9194300000E-01 -2.6400560000E+00  3.1921120000E+00
 -4.4614000000E-02 -1.0000000000E+00 -1.0000000000E+00 -1.0000000000E+00
  1.0986879700E+02 -1.0000000000E+00 -3.3000000000E-05  1.9138459800E+02
 -1.0000000000E+00 -4.1000000000E-05  3.9547961400E+02 -1.0000000000E+00
 -8.5000000000E-05  2.2173390200E+02  2.5000000000E+00  3.3000000000E-05
  3.8700918600E+02  2.5000000000E+00  4.1000000000E-05  8.0081652800E+02
  2.5000000000E+00  8.5000000000E-05  1.0000000000E+00 -9.1700000000E-03
  1.0000000000E+00 -4.6441000000E-02  1.0000000000E+00 -4.8999200000E-01
  1.0045300000E+00 -2.0000000000E-01  1.0025910000E+00 -3.0000000000E-01
  1.0012500000E+00 -5.0000000000E-01  1.0000000000E+00 -3.7501000000E-02
  1.0000000000E+00 -1.2414300000E-01  1.0000000000E+00 -2.9275300000E-01
  1.0000000000E+00 -1.0000000000E+00  1.8537300000E-01  6.1791000000E-02
  1.0000000000E+00 -3.1622000000E+05 -1.6364190430E+04 -1.0000000000E+00
 -4.6967822270E+03  1.3185400400E+02  2.2129129000E+01  9.5375300000E-01
  2.4942900390E+03 -1.0215870000E+00  8.8782800000E-01  1.0400420000E+00
 -2.6400560000E+00 -1.3185400400E+02  8.0570000000E-03 -1.3185400400E+02
 -1.0624090000E+00  1.0000000000E+00  1.0164300000E-01 -6.1791000000E-02
  7.6450000000E-03  2.3098949000E+01  7.6996490000E+00  1.0000000000E+00
  1.0000000000E+00  1.0000000000E+00  1.0000000000E+00 -3.8502310000E+00
 -8.5000000000E-05  2.0159100000E+00  1.0000000000E+00  1.5961710000E+00
 -7.8975100000E-01  1.0000000000E+00  8.8175600000E-01  1.0000000000E+00
  1.0000000000E+00 -2.7937600000E+00 -8.4000000000E-05  2.0156650000E+00
  1.0000000000E+00  1.5939940000E+00 -9.6191500000E-01  2.4250000000E-03
  3.0363000000E-02  6.7304500000E-01  1.4593600000E+00  1.6897000000E-02
  3.4848000000E-02 -6.0080000000E-02 -5.5527200000E-01 -4.7704000000E-01
 -1.8582900000E-01 -1.0000000000E+00 -1.0000000000E+00 -1.0000000000E+00
 -5.5188568000E+01 -9.5676857000E+01 -2.1583770800E+02  1.0000000000E+00
  1.0000000000E+00  1.0000000000E+00  1.0000000000E+00  1.0000000000E+00
  1.0000000000E+00  1.0000000000E+00 -1.8910000000E-03 -1.5310000000E-03
 -1.0140000000E-03  2.5000000000E+00  2.6063700000E+01  1.0000000000E+00
 -1.5000000000E+00 -9.6031810000E+00 -9.4541850000E+00 -9.4376810000E+00
 -4.8295719000E+01  9.0759200000E-01 -4.3759670000E+00 -8.9979920000E+00
 -8.8819580000E+00  1.0000000000E+00  1.0000000000E+00  1.0000000000E+00
  1.0000000000E+00  1.0000000000E+00 -1.0000000000E+00 -2.6063700000E+01
 -1.0000000000E+00  1.0000000000E+00 -1.4593600000E+00  1.0000000000E+00
  1.0000000000E+00 -1.0000000000E+00 -1.0000000000E+00 -1.0000000000E+00
  1.0000000000E+00  1.0000000000E+00  1.0000000000E+00  5.6953098000E+01
  7.0583200000E-01  1.0000000000E+00 -6.4913700000E-01 -3.3000000000E-05
  5.3807500000E-01  1.0000000000E+00  8.2471000000E-02 -1.0000000000E+00
 -1.0000000000E+00 -1.0000000000E+00  1.0000000000E+00  1.0000000000E+00
  1.0000000000E+00  1.1583840000E+01  7.0583200000E-01  1.0000000000E+00
 -1.0215420000E+00 -4.1000000000E-05 -3.6302500000E-01  1.0000000000E+00
  6.9523000000E-02 -1.0000000000E+00 -1.0000000000E+00 -1.0000000000E+00
  1.0000000000E+00  1.0000000000E+00  1.0000000000E+00  3.2096300000E-01
  7.0583200000E-01  1.0000000000E+00 -2.0490070000E+00 -8.4000000000E-05
  9.1353600000E-01  1.0000000000E+00  8.3976400000E-01  5.5083500000E-01
  4.4892200000E-01  2.4300000000E-04  4.0528300000E-01 -6.7277000000E-02
 -1.5700600000E-01 -9.7476000000E-02 -2.5060100000E-01 -2.8026200000E-01
  1.0084900000E-01 -1.0000000000E+00  1.0000000000E+00  1.0000000000E+00
  1.0000000000E+00  1.0000000000E+00  1.0000000000E+00  1.0000000000E+00
 -2.8640000000E-03 -2.3160000000E-03 -1.5310000000E-03  2.5000000000E+00
  1.1587800000E+01  1.0000000000E+00 -1.1012240000E+00 -1.3644320000E+00
 -1.2188210000E+00 -1.2108590000E+00 -3.4621052000E+01  6.0313600000E-01
 -5.9963800000E-01 -1.4033920000E+00 -1.3703860000E+00  1.0000000000E+00
  1.0000000000E+00 -1.0000000000E+00 -1.1587800000E+01 -1.0000000000E+00
  1.0000000000E+00 -4.0528300000E-01  1.0000000000E+00  1.0000000000E+00
 -8.5938400000E-01 -7.7333900000E-01 -7.9517400000E-01 -1.0000000000E+00
  1.0000000000E+00  1.0000000000E+00 -1.6236590000E+00 -3.3000000000E-05
  3.5720350000E+00  1.0000000000E+00  9.2435300000E-01 -1.1718210000E+00
 -1.2773520000E+00 -1.2505080000E+00 -1.0000000000E+00  1.0000000000E+00
  1.0000000000E+00 -2.4602890000E+00 -4.1000000000E-05 -2.1785330000E+00
  1.0000000000E+00  6.5098400000E-01 -2.3280470000E+00 -2.4161550000E+00
 -2.5121660000E+00 -1.0000000000E+00  1.0000000000E+00  1.0000000000E+00
 -4.7536200000E+00 -8.5000000000E-05  6.1671400000E+00  1.0000000000E+00
  3.3966910000E+00  4.3737000000E-02  5.7396500000E-01  1.5834900000E-01
  1.8781300000E-01 -4.4344000000E-02 -5.8193800000E-01 -1.6054900000E-01
 -1.0000000000E+00 -1.0000000000E+00 -1.0000000000E+00 -1.0000000000E+00
 -6.2680901000E+01 -1.2388999900E+02 -4.6435549900E+02  1.0000000000E+00
 -5.1647000000E-02 -3.2417600000E-01  1.0000000000E+00  1.0000000000E+00
  1.0000000000E+00  1.0000000000E+00 -1.8781300000E-01  1.0000000000E+00
  1.0000000000E+00  1.0000000000E+00  1.0000000000E+00 -1.0000000000E+00
 -1.0000000000E+00 -1.0000000000E+00  1.0000000000E+00  1.0000000000E+00
  1.0000000000E+00  9.7738750000E+00  7.7605000000E-01  7.2528310000E+00
  7.8041000000E-01 -7.8683100000E-01  1.0000000000E+00 -1.0000000000E+00
 -1.0000000000E+00 -1.0000000000E+00  1.0000000000E+00  1.0000000000E+00
  1.0000000000E+00  6.0698200000E-01  7.7605000000E-01 -2.3895080000E+00
  6.8494000000E-01 -7.8683100000E-01  1.0000000000E+00 -1.0000000000E+00
 -1.0000000000E+00 -1.0000000000E+00  1.0000000000E+00  1.0000000000E+00
  1.0000000000E+00  1.1890000000E-03  7.7605000000E-01  1.1558830000E+01
  2.2026440000E+00 -7.8683100000E-01 -1.7051500000E-01 -4.3429600000E-01
 -2.6674200000E-01 -2.6093020000E+00  1.9564500000E-01  4.9830200000E-01
  3.0605400000E-01  4.2239600000E-01  1.0000000000E+00  1.0000000000E+00
  1.0000000000E+00  1.0000000000E+00  1.0000000000E+00  1.0000000000E+00
 -1.8910000000E-03 -1.5310000000E-03 -1.0140000000E-03  2.5000000000E+00
  1.6672409000E+01  1.0000000000E+00 -1.5000000000E+00 -1.0000000000E+00
 -4.6212100000E-01 -1.2349600000E-01 -1.0000000000E+00 -1.6672409000E+01
 -1.0000000000E+00 -1.0000000000E+00 -1.0000000000E+00  1.0000000000E+00
  2.6093020000E+00 -4.2239600000E-01  1.0000000000E+00  1.0000000000E+00
  1.0000000000E+00 -5.8697600000E-01 -5.0651600000E-01 -5.1399200000E-01
 -1.0366850000E+00 -3.3000000000E-05 -8.7155300000E-01 -1.0000000000E+00
  1.0000000000E+00  2.6399800000E+00  5.5742100000E-01  1.0000000000E+00
 -8.0016400000E-01 -8.3640900000E-01 -8.0810300000E-01 -1.6376950000E+00
 -4.1000000000E-05 -8.7155300000E-01 -1.0000000000E+00  1.0000000000E+00
 -1.7736780000E+00  4.0754200000E-01  1.0000000000E+00 -1.5893890000E+00
 -1.5818110000E+00 -1.6231180000E+00 -3.2056860000E+00 -8.4000000000E-05
 -8.7155300000E-01 -1.0000000000E+00  1.0000000000E+00  4.4676090000E+00
  2.2475290000E+00 -1.0000000000E+00 -1.0000000000E+00 -4.0421600000E-01
 -1.8187800000E-01 -1.5634600000E-01 -1.5457000000E-01 -1.5217800000E-01
 -9.1906000000E-02 -7.8710000000E-03 -1.0000000000E+00 -1.0000000000E+00
 -1.8091710000E+00 -3.1896550000E+00 -3.3490190000E+00 -3.3586440000E+00
 -3.3085850000E+00 -1.9678700000E+00 -1.1333600000E-01 -1.0000000000E+00
 -1.0000000000E+00 -2.4566020000E+00 -4.1011280000E+00 -4.2908920000E+00
 -4.3026030000E+00 -4.2541470000E+00 -2.9523890000E+00 -1.1573650000E+00
 -8.1220000000E-03 -1.6897000000E-02 -4.5390000000E-03 -2.1710000000E-03
 -1.8740000000E-03 -1.8530000000E-03 -1.8250000000E-03 -1.1070000000E-03
 -1.0500000000E-04 -1.6750000000E-02 -3.4848000000E-02 -4.1897000000E-02
 -7.8507000000E-02 -8.2794000000E-02 -8.3055000000E-02 -8.1826000000E-02
 -4.8866000000E-02 -3.1320000000E-03 -2.8878000000E-02 -6.0080000000E-02
 -9.8082000000E-02 -1.7402800000E-01 -1.8288500000E-01 -1.8343700000E-01
 -1.8139100000E-01 -1.2639700000E-01 -5.5137000000E-02 -1.0000000000E+00
 -1.0000000000E+00 -7.6362300000E-01 -5.4132100000E-01 -5.2907500000E-01
 -5.2832600000E-01 -5.2965300000E-01 -5.9901100000E-01 -5.7467700000E-01
 -1.0000000000E+00 -1.0000000000E+00 -1.4679790000E+00 -1.2898060000E+00
 -1.2799920000E+00 -1.2793850000E+00 -1.2801740000E+00 -1.3601430000E+00
 -7.1491900000E-01 -1.0000000000E+00 -1.0000000000E+00 -4.3710000000E-03
 -3.9540000000E-03 -3.9320000000E-03 -3.9480000000E-03 -4.7490000000E-03
 -7.2455000000E-02 -1.6023640000E+00 -1.1229300000E-01 -6.7277000000E-02
 -5.4601000000E-02 -3.8877000000E-02 -3.8009000000E-02 -3.7959000000E-02
 -3.8209000000E-02 -4.8086000000E-02 -5.8179000000E-02 -2.6206300000E-01
 -1.5700600000E-01 -2.4496100000E-01 -2.1618100000E-01 -2.1459700000E-01
 -2.1451900000E-01 -2.1552300000E-01 -2.5481000000E-01 -1.6890700000E-01
 -1.6270000000E-01 -9.7476000000E-02 -4.5300000000E-04 -4.1100000000E-04
 -4.0900000000E-04 -4.1100000000E-04 -4.9600000000E-04 -8.4270000000E-03
 -2.3503500000E-01 -1.0000000000E+00 -1.0000000000E+00 -6.9703000000E-02
 -1.9243000000E-02 -1.5838000000E-02 -1.5618000000E-02 -1.5583000000E-02
 -1.4719000000E-02 -5.7600000000E-03 -1.0000000000E+00 -1.0000000000E+00
 -7.4171400000E-01 -8.0234900000E-01 -8.0658500000E-01 -8.0682900000E-01
 -8.0550300000E-01 -7.4927000000E-01 -1.9719700000E-01 -1.0000000000E+00
 -1.0000000000E+00 -5.1276000000E-01 -5.2522500000E-01 -5.2614100000E-01
 -5.2622400000E-01 -5.2730300000E-01 -5.7231900000E-01 -1.0252420000E+00
 -4.6575900000E-01 -9.6900300000E-01 -4.4885000000E-02 -1.3170000000E-02
 -1.0887000000E-02 -1.0739000000E-02 -1.0717000000E-02 -1.0163000000E-02
 -4.4260000000E-03 -5.7440200000E-01 -1.1950330000E+00 -5.8903400000E-01
 -6.7721700000E-01 -6.8380200000E-01 -6.8420500000E-01 -6.8315600000E-01
 -6.3804400000E-01 -1.8686200000E-01 -2.2922800000E-01 -4.7690500000E-01
 -1.6250700000E-01 -1.7691400000E-01 -1.7800600000E-01 -1.7808600000E-01
 -1.7847000000E-01 -1.9449300000E-01 -3.8770300000E-01 -1.0000000000E+00
 -1.0000000000E+00 -3.4272800000E-01 -2.9113800000E-01 -2.8769400000E-01
 -2.8748900000E-01 -2.8823200000E-01 -3.0269900000E-01 -1.7507900000E-01
 -1.0000000000E+00 -1.0000000000E+00 -1.0623340000E+00 -1.1185060000E+00
 -1.1222530000E+00 -1.1225120000E+00 -1.1232850000E+00 -1.1082340000E+00
 -3.5118600000E-01 -1.0000000000E+00 -1.0000000000E+00 -2.4000000000E-03
 -2.6020000000E-03 -2.6160000000E-03 -2.6280000000E-03 -3.1620000000E-03
 -4.4794000000E-02 -5.9723100000E-01 -2.0182530000E+00 -1.2091660000E+00
 -4.4044900000E-01 -3.7580300000E-01 -3.7146400000E-01 -3.7124000000E-01
 -3.7371100000E-01 -4.3672900000E-01 -3.1856300000E-01 -2.5626880000E+00
 -1.5353450000E+00 -1.7335130000E+00 -1.8332450000E+00 -1.8399150000E+00
 -1.8405410000E+00 -1.8492860000E+00 -2.0302660000E+00 -8.1137000000E-01
 -9.2554300000E-01 -5.5450700000E-01 -1.4140000000E-03 -1.5400000000E-03
 -1.5490000000E-03 -1.5560000000E-03 -1.8800000000E-03 -2.9637000000E-02
 -4.9833900000E-01 -1.4338920000E+00 -2.1577040000E+00 -1.5239710000E+00
 -1.5307080000E+00 -1.5311480000E+00 -1.5313160000E+00 -1.5375330000E+00
 -1.7109280000E+00 -9.4320600000E-01 -1.4193260000E+00 -1.0024600000E+00
 -1.0068910000E+00 -1.0071810000E+00 -1.0072910000E+00 -1.0113810000E+00
 -1.1254390000E+00 -5.9645300000E-01 -8.9753500000E-01 -6.3392300000E-01
 -6.3672500000E-01 -6.3690800000E-01 -6.3697800000E-01 -6.3956400000E-01
 -7.1169100000E-01 -1.0000000000E+00 -1.0000000000E+00 -1.0000000000E+00
 -1.0000000000E+00 -1.0000000000E+00 -1.0000000000E+00 -1.0000000000E+00
 -1.0000000000E+00 -1.0000000000E+00 -1.0000000000E+00 -1.0000000000E+00
 -1.0000000000E+00 -1.0000000000E+00 -1.0000000000E+00 -1.0000000000E+00
 -1.0000000000E+00 -1.0000000000E+00 -1.0000000000E+00 -1.0000000000E+00
 -1.0000000000E+00 -1.0000000000E+00 -1.0000000000E+00 -1.0000000000E+00
 -1.0000000000E+00 -1.0000000000E+00  1.0000000000E+00  5.5083500000E-01
 -1.0000000000E+00  1.6474950000E+00  7.3959700000E-01 -1.0000000000E+00
  8.4135162400E+02  2.0404500000E-01 -1.0000000000E+00  1.0000000000E+00
  1.9564500000E-01 -1.0000000000E+00  1.0000000000E+00  4.9830200000E-01
 -1.0000000000E+00  3.1156220000E+00  9.5354800000E-01  6.6224922000E+01
 -1.0000000000E+00 -3.3000000000E-05  1.1506230200E+02 -1.0000000000E+00
 -4.1000000000E-05  2.3733869900E+02 -1.0000000000E+00 -8.5000000000E-05
  1.3324499500E+02  2.5000000000E+00  3.3000000000E-05  2.3226390100E+02
  2.5000000000E+00  4.1000000000E-05  4.8018209800E+02  2.5000000000E+00
  8.5000000000E-05 -4.7337900000E-01  1.0000000000E+00 -2.1168800000E-01
 -5.7343200000E-01  1.0000000000E+00 -3.1667100000E-01 -6.0900000000E-04
  1.0000000000E+00 -4.5750039060E+03  1.0075620000E+00 -5.5083500000E-01
 -3.6814160160E+03  1.0043240000E+00 -4.4892200000E-01 -1.7878179930E+03
  1.0020870000E+00 -2.4300000000E-04 -5.2605600000E-01 -4.2598200000E-01
  1.0000000000E+00 -4.7048800000E-01 -5.6500000000E-04 -4.3801000000E-01
  1.0000000000E+00 -5.0500000000E-04 -5.8600000000E-04 -5.6138100000E-01
  1.0000000000E+00 -6.4700000000E-04 -1.0000000000E+00 -1.0000000000E+00
 -1.0000000000E+00  1.0000000000E+00 -1.0000000000E+00  6.1444000000E-02
  2.0481000000E-02 -1.0000000000E+00  4.1240600590E+03  4.1240600590E+03
  4.1240600590E+03  1.0000000000E+00 -3.1622000000E+05 -2.0034240234E+04
 -1.0000000000E+00 -2.6256569820E+03  2.2212899800E+02  1.8737270000E+01
  9.4488200000E-01  1.4943669430E+03 -1.0207800000E+00 -9.9186000000E-01
 -1.7922340000E+01 -1.7922340000E+01 -1.7922340000E+01  8.6282900000E-01
  1.0497190000E+00 -7.3415000000E-01  8.1400000000E-03 -2.2212899800E+02
  8.1400000000E-03 -2.2212899800E+02 -1.8080990000E+00 -1.0913280000E+00
 -1.6293970000E+00 -1.4448530000E+00  1.0000000000E+00  4.7364000000E-02
 -2.7898000000E-02  4.5390000000E-03  7.5792400000E+00  2.5264130000E+00
 -1.0000000000E+00 -1.0000000000E+00 -1.0000000000E+00 -1.0000000000E+00
 -1.0000000000E+00 -1.0000000000E+00  1.0266460000E+00 -1.0000000000E+00
  1.0737240000E+00 -1.0000000000E+00  1.2081470000E+00 -1.0000000000E+00
 -1.0000000000E+00 -1.0000000000E+00 -1.0000000000E+00 -1.0000000000E+00
 -1.0000000000E+00 -1.0000000000E+00  9.9149727000E+01 -1.0000000000E+00
 -3.3000000000E-05  1.7263960300E+02 -1.0000000000E+00 -4.1000000000E-05
  3.5663980100E+02 -1.0000000000E+00 -8.5000000000E-05  2.0000079300E+02
  2.5000000000E+00  3.3000000000E-05  3.4900329600E+02  2.5000000000E+00
  4.1000000000E-05  7.2206781000E+02  2.5000000000E+00  8.5000000000E-05
 -1.1483900000E-01  1.0000000000E+00 -1.1646000000E-02 -4.1678400000E-01
  1.0000000000E+00 -1.7006200000E-01 -4.9676100000E-01  1.0000000000E+00
 -2.4368900000E-01 -5.2768618160E+03  1.0050250000E+00 -1.9564500000E-01
 -4.2415908200E+03  1.0028740000E+00 -4.9830200000E-01 -2.0582939450E+03
  1.0013870000E+00 -3.0605400000E-01 -3.9872300000E-01 -9.9097000000E-02
  1.0000000000E+00 -8.0870000000E-02 -4.8643800000E-01 -1.0056000000E-01
  1.0000000000E+00 -9.8660000000E-02 -4.8411900000E-01 -4.0267900000E-01
  1.0000000000E+00 -3.9507300000E-01 -1.0000000000E+00 -1.0000000000E+00
 -1.0000000000E+00  1.0000000000E+00 -1.0000000000E+00 -1.0000000000E+00
  3.2976230470E+03  3.2976230470E+03  3.2976230470E+03  1.0000000000E+00
 -3.1622000000E+05 -1.8966660156E+04 -1.0000000000E+00  2.2669870000E+01
  9.5486000000E-01  2.2487060550E+03 -1.0206550000E+00 -9.9229500000E-01
 -2.1898569000E+01 -2.1898569000E+01 -2.1898569000E+01  8.9001000000E-01
  1.0392050000E+00  7.7050000000E-03 -1.4613620000E+02  7.7050000000E-03
 -6.5890500000E-01 -1.1064970000E+00 -1.0009090000E+00  1.0000000000E+00
  6.8960000000E-03 -1.0000000000E+00 -1.0000000000E+00 -1.0000000000E+00
 -1.0000000000E+00 -1.0000000000E+00 -1.0000000000E+00  1.0000000000E+00
 -1.0000000000E+00  1.0226760000E+00 -1.0000000000E+00  1.0914180000E+00
 -1.0000000000E+00 -1.0000000000E+00 -1.0000000000E+00 -1.0000000000E+00
 -1.0000000000E+00 -1.0000000000E+00 -1.0000000000E+00 -1.9969600000E-01
 -7.8596200000E-01 -6.4100000000E-04  4.0690400000E-01  2.0247000000E-01
  7.9688000000E-01  6.5000000000E-04 -2.1665440000E+00 -1.0000000000E+00
 -3.0001500000E-01 -4.0746100000E-01 -1.0000000000E+00 -1.0000000000E+00
  1.0000000000E+00  4.0690400000E-01 -2.1665440000E+00  1.0000000000E+00
  1.0000000000E+00 -9.8629900000E-01 -1.0000000000E+00  1.0000000000E+00
  1.0000000000E+00  3.5018580000E+00  1.2418840000E+00 -9.8629900000E-01
 -1.0000000000E+00  1.0000000000E+00  1.0000000000E+00 -2.1495590000E+00
  9.3602400000E-01 -9.8629900000E-01 -1.0000000000E+00  1.0000000000E+00
  1.0000000000E+00  6.0259860000E+00  4.0868380000E+00  1.1955000000E-02
  6.1475000000E-01  1.6059600000E-01  5.9918100000E-01 -1.1950000000E-02
 -6.1446100000E-01 -1.6052000000E-01 -1.0000000000E+00  1.0000000000E+00
 -9.3351000000E-02 -3.4681800000E-01 -1.0000000000E+00 -1.0000000000E+00
 -1.0000000000E+00  1.0000000000E+00 -5.9918100000E-01  1.0000000000E+00
  1.0000000000E+00  1.0000000000E+00  1.3333420000E+01  7.8730100000E-01
  1.0000000000E+00  1.2120260000E+01  7.7025100000E-01 -7.8693100000E-01
  1.0205510000E+00  7.8730100000E-01  1.0000000000E+00 -3.9843990000E+00
  6.8134200000E-01 -7.8693100000E-01  3.1870000000E-03  7.8730100000E-01
  1.0000000000E+00  1.9252159000E+01  2.2369070000E+00 -7.8693100000E-01
 -1.7008100000E-01 -8.2969200000E-01 -6.9700000000E-04  2.5673630000E+00
  1.7000100000E-01  8.2930200000E-01  6.9700000000E-04 -4.2847870000E+00
 -1.0000000000E+00 -2.5546900000E-01 -4.1224600000E-01 -1.0000000000E+00
 -1.0000000000E+00  1.0000000000E+00  2.5673630000E+00 -4.2847870000E+00
  1.0000000000E+00  1.0000000000E+00 -1.0004710000E+00 -1.0000000000E+00
  1.0000000000E+00  1.0000000000E+00  2.9555290000E+00  1.2544140000E+00
 -1.0004710000E+00 -1.0000000000E+00  1.0000000000E+00  1.0000000000E+00
 -1.8159690000E+00  9.4521200000E-01 -1.0004710000E+00 -1.0000000000E+00
  1.0000000000E+00  1.0000000000E+00  5.0849970000E+00  4.1364790000E+00
  2.0247000000E-01 -1.0000000000E+00  7.9688000000E-01 -1.0000000000E+00
  2.0398200000E-01 -1.0000000000E+00  9.8180000000E-03  6.1664200000E-01
  9.5579400000E-01 -9.8180000000E-03 -6.1661000000E-01 -1.6051500000E-01
 -1.0000000000E+00  1.0000000000E+00 -9.8218000000E-02 -3.4856400000E-01
 -1.0000000000E+00 -1.0000000000E+00 -1.0000000000E+00  1.0000000000E+00
 -9.5579400000E-01  1.0000000000E+00  1.0000000000E+00  1.0000000000E+00
  1.3626710000E+01  7.8698300000E-01  1.0000000000E+00  1.2682330000E+01
  7.6942900000E-01 -7.8694200000E-01  1.0583890000E+00  7.8698300000E-01
  1.0000000000E+00 -4.1684890000E+00  6.8102800000E-01 -7.8694200000E-01
  3.4160000000E-03  7.8698300000E-01  1.0000000000E+00  2.0139959000E+01
  2.2394150000E+00 -7.8694200000E-01 -1.6787000000E-01 -8.3148300000E-01
 -7.0000000000E-04  4.3289930000E+00  1.6786100000E-01  8.3143900000E-01
  7.0000000000E-04 -4.5292090000E+00 -1.0000000000E+00 -2.5301500000E-01
 -4.1256200000E-01 -1.0000000000E+00 -1.0000000000E+00  1.0000000000E+00
  4.3289930000E+00 -4.5292090000E+00  1.0000000000E+00  1.0000000000E+00
 -1.0000520000E+00 -1.0000000000E+00  1.0000000000E+00  1.0000000000E+00
  2.9254360000E+00  1.2552490000E+00 -1.0000520000E+00 -1.0000000000E+00
  1.0000000000E+00  1.0000000000E+00 -1.7975930000E+00  9.4582400000E-01
 -1.0000520000E+00 -1.0000000000E+00  1.0000000000E+00  1.0000000000E+00
  5.0331660000E+00  4.1397830000E+00  1.7000100000E-01 -1.0000000000E+00
  8.2930200000E-01 -1.0000000000E+00  2.0397300000E-01 -1.0000000000E+00
  9.6800000000E-03  6.1671100000E-01  1.6051800000E-01  9.9729800000E-01
 -9.6800000000E-03 -6.1673100000E-01 -1.6052300000E-01 -1.0000000000E+00
  1.0000000000E+00 -9.8529000000E-02 -3.4867100000E-01 -1.0000000000E+00
 -1.0000000000E+00 -1.0000000000E+00  1.0000000000E+00 -9.9729800000E-01
  1.0000000000E+00  1.0000000000E+00  1.0000000000E+00  1.3646010000E+01
  7.8690900000E-01  1.0000000000E+00  1.2716190000E+01  7.6935900000E-01
 -7.8693500000E-01  1.0608970000E+00  7.8690900000E-01  1.0000000000E+00
 -4.1795750000E+00  6.8099400000E-01 -7.8693500000E-01  3.4310000000E-03
  7.8690900000E-01  1.0000000000E+00  2.0193411000E+01  2.2395320000E+00
 -7.8693500000E-01 -1.6772300000E-01 -8.3154100000E-01 -7.0300000000E-04
  4.5319110000E+00  1.6772900000E-01  8.3156800000E-01  7.0300000000E-04
 -4.5441880000E+00 -1.0000000000E+00 -2.5288900000E-01 -4.1262900000E-01
 -1.0000000000E+00 -1.0000000000E+00  1.0000000000E+00  4.5319110000E+00
 -4.5441880000E+00  1.0000000000E+00  1.0000000000E+00 -9.9996700000E-01
 -1.0000000000E+00  1.0000000000E+00  1.0000000000E+00  2.9235700000E+00
  1.2552940000E+00 -9.9996700000E-01 -1.0000000000E+00  1.0000000000E+00
  1.0000000000E+00 -1.7964900000E+00  9.4585200000E-01 -9.9996700000E-01
 -1.0000000000E+00  1.0000000000E+00  1.0000000000E+00  5.0299350000E+00
  4.1401400000E+00  1.6786100000E-01 -1.0000000000E+00  8.3143900000E-01
 -1.0000000000E+00  2.0398600000E-01 -1.0000000000E+00  9.6470000000E-03
  6.1499700000E-01  1.6066400000E-01  1.0122750000E+00 -9.6630000000E-03
 -6.1599900000E-01 -1.6092600000E-01 -1.0000000000E+00  1.0000000000E+00
 -9.7740000000E-02 -3.4838900000E-01 -1.0000000000E+00 -1.0000000000E+00
 -1.0000000000E+00  1.0000000000E+00 -1.0122750000E+00  1.0000000000E+00
  1.0000000000E+00  1.0000000000E+00  1.3653370000E+01  7.8530800000E-01
  1.0000000000E+00  1.2536040000E+01  7.6861400000E-01 -7.8658800000E-01
  1.0618540000E+00  7.8530800000E-01  1.0000000000E+00 -4.1203450000E+00
  6.8034500000E-01 -7.8658800000E-01  3.4370000000E-03  7.8530800000E-01
  1.0000000000E+00  1.9907200000E+01  2.2374860000E+00 -7.8658800000E-01
 -1.6769600000E-01 -8.2983400000E-01 -8.4400000000E-04  4.5319130000E+00
  1.6796900000E-01  8.3118600000E-01  8.4500000000E-04 -4.4769570000E+00
 -1.0000000000E+00 -2.5422800000E-01 -4.1467900000E-01 -1.0000000000E+00
 -1.0000000000E+00  1.0000000000E+00  4.5319120000E+00 -4.4769570000E+00
  1.0000000000E+00  1.0000000000E+00 -9.9837300000E-01 -1.0000000000E+00
  1.0000000000E+00  1.0000000000E+00  2.9258000000E+00  1.2548710000E+00
 -9.9837300000E-01 -1.0000000000E+00  1.0000000000E+00  1.0000000000E+00
 -1.7994740000E+00  9.4529600000E-01 -9.9837300000E-01 -1.0000000000E+00
  1.0000000000E+00  1.0000000000E+00  5.0329780000E+00  4.1465320000E+00
  1.6772900000E-01 -1.0000000000E+00  8.3156800000E-01 -1.0000000000E+00
  2.0458700000E-01 -1.0000000000E+00  8.9580000000E-03  5.6239200000E-01
  1.7143200000E-01  1.5349870000E+00 -9.3680000000E-03 -5.8815700000E-01
 -1.7928500000E-01 -1.0000000000E+00  1.0000000000E+00 -7.6425000000E-02
 -3.3630700000E-01 -1.0000000000E+00 -1.0000000000E+00 -1.0000000000E+00
  1.0000000000E+00 -1.5349870000E+00  1.0000000000E+00  1.0000000000E+00
  1.0000000000E+00  1.3927700000E+01  7.4278100000E-01  1.0000000000E+00
  7.7124140000E+00  7.3754000000E-01 -7.7681100000E-01  1.0977920000E+00
  7.4278100000E-01  1.0000000000E+00 -2.5345340000E+00  6.5320800000E-01
 -7.7681100000E-01  3.6610000000E-03  7.4278100000E-01  1.0000000000E+00
  1.2244490000E+01  2.1513860000E+00 -7.7681100000E-01 -1.6726400000E-01
 -7.7757800000E-01 -1.1351000000E-02  3.9419710000E+00  1.7492700000E-01
  8.1320200000E-01  1.1871000000E-02 -2.5680820000E+00 -1.0000000000E+00
 -3.1132300000E-01 -4.5572700000E-01 -1.0000000000E+00 -1.0000000000E+00
  1.0000000000E+00  3.9419710000E+00 -2.5680820000E+00  1.0000000000E+00
  1.0000000000E+00 -9.5619400000E-01 -1.0000000000E+00  1.0000000000E+00
  1.0000000000E+00  3.1494540000E+00  1.2129980000E+00 -9.5619400000E-01
 -1.0000000000E+00  1.0000000000E+00  1.0000000000E+00 -1.9859190000E+00
  9.0706800000E-01 -9.5619400000E-01 -1.0000000000E+00  1.0000000000E+00
  1.0000000000E+00  5.3936870000E+00  4.2274630000E+00  1.6796900000E-01
 -1.0000000000E+00  8.3118600000E-01 -1.0000000000E+00  2.3079700000E-01
 -1.0000000000E+00  4.9560000000E-03  2.0925100000E-01  4.3415700000E-01
  6.1773840000E+00 -5.6860000000E-03 -2.4009000000E-01 -4.9814100000E-01
 -1.0000000000E+00  1.0000000000E+00 -5.1900000000E-02 -2.2819900000E-01
 -1.0000000000E+00 -1.0000000000E+00 -1.0000000000E+00  1.0000000000E+00
 -6.1773840000E+00  1.0000000000E+00  1.0000000000E+00  1.0000000000E+00
  2.2884661000E+01  6.4836400000E-01  1.0000000000E+00  1.0434500000E+00
  4.2175900000E-01 -7.4391800000E-01  2.5197030000E+00  6.4836400000E-01
  1.0000000000E+00 -3.4146600000E-01  3.7989000000E-01 -7.4391800000E-01
  1.7728000000E-02  6.4836400000E-01  1.0000000000E+00  1.6460520000E+00
  1.3054760000E+00 -7.4391800000E-01  1.7492700000E-01 -1.0000000000E+00
  8.1320200000E-01 -1.0000000000E+00  6.6961900000E-01 -1.0000000000E+00
  6.3180580000E+00  1.0081210000E+00  2.1016520000E+00  9.8325000000E-01
  1.0216340000E+01  9.7112200000E-01  4.7715330000E+00  1.0168970000E+00
  1.5445530000E+00  9.6515200000E-01  7.4032580000E+00  9.3992000000E-01
  2.7676480100E+02  8.8770700000E-01  1.9219039900E+02  1.2620630000E+00
  4.6529739400E+02  8.3730000000E-01  4.0263531500E+02  9.3272300000E-01
  2.4395159900E+02  1.1570060000E+00  6.9442572000E+02  9.0252400000E-01
  2.1471690000E+00  7.3310400000E-01  1.8303540000E+00  7.7070700000E-01
  5.4194960000E+00  9.1068000000E-01  1.5934600000E+00  4.4472800000E-01
  1.5193590000E+00  5.2296000000E-01  5.9272710000E+00  8.1417100000E-01
  8.6013230000E+00  5.8171500000E-01  6.1974850000E+00  5.3220700000E-01
  3.7670330000E+01  1.1683300000E+00  1.0955350000E+01  7.4939900000E-01
  8.2864270000E+00  7.1973800000E-01  3.5092930000E+01  1.1008490000E+00
  4.3389200000E-01  2.2797130000E+00  1.1375700000E-01  6.0698200000E-01
  4.0354700000E-01  8.0050000000E-03  1.1577040000E+00  4.0422280000E+00
  4.1932600000E-01  2.4496110000E+00  1.0246500000E-01  3.6475200000E-01
  1.7257449300E+02  1.4917610000E+01  1.6158450300E+02  1.2093800000E+01
  1.4531449900E+02  5.7400960000E+00  4.5020000000E-03  9.5263600000E-01
 -1.0000000000E+00  9.4488200000E-01  1.9882059000E+01  1.5998700000E+01
  7.7694990000E+00  1.0081400000E+00  9.8828979000E+01  1.4755580100E+02
  1.3084370400E+02  1.0000000000E+00  1.8011980000E+00  1.0000000000E+00
  2.1962210000E+00  1.0000000000E+00  2.0607380000E+00  1.9882059000E+01
  9.7404500000E-01  1.5998700000E+01  9.3133800000E-01  7.7694990000E+00
  8.2771400000E-01 -1.0000000000E+00 -1.0000000000E+00  5.6358000000E-02
  5.6358000000E-02  5.6358000000E-02 -1.0000000000E+00 -1.0000000000E+00
  7.3959700000E-01  7.3959700000E-01  7.3959700000E-01 -1.0000000000E+00
 -1.0000000000E+00  2.0404500000E-01  2.0404500000E-01  2.0404500000E-01
  1.0000000000E+00 -1.0000000000E+00  1.0000000000E+00 -1.0000000000E+00
  1.0000000000E+00 -1.0000000000E+00  1.0000000000E+00  1.0000000000E+00
  1.0000000000E+00  1.0000000000E+00  1.0000000000E+00  1.0000000000E+00
 -1.9453890000E+01  1.0000000000E+00 -9.5304000000E-02 -2.2090309000E+01
  1.0000000000E+00 -8.8198000000E-02 -4.9563591000E+01  1.0000000000E+00
 -1.0700000000E-04  1.7973449700E+02 -2.5957400000E+00  1.0000000000E+00
 -9.6217000000E-02 -1.0000000000E+00 -1.0000000000E+00 -1.0000000000E+00
  9.6217000000E-02 -8.8940000000E-03  9.3082800000E-01  9.3082800000E-01
  9.3082800000E-01 -1.1383520000E+00  9.5342000000E-02  8.1769800000E-01
 -5.5083500000E-01  4.6135000000E-02  8.1769800000E-01 -4.4892200000E-01
  3.7599000000E-02  6.8068650000E+00 -2.0190000000E-03  1.6900000000E-04
 -6.0313600000E-01 -1.1914260000E+00 -2.0901000000E-01 -2.3236600000E-01
 -1.5881990000E+00  1.0000000000E+00 -8.9607000000E-02 -1.7894780000E+00
  1.0000000000E+00 -8.2283000000E-02 -4.0128040000E+00  1.0000000000E+00
 -1.0000000000E-04  1.1868740000E+00 -8.7134300000E-01  9.9186000000E-01
 -7.3415000000E-01 -1.0000000000E+00 -1.0000000000E+00 -1.0000000000E+00
  8.9782500000E-01 -1.0242700000E-01  2.6330249000E+02  1.6710230000E+01
  2.5231250000E+02  1.5091380000E+01  2.3604249600E+02  1.1440290000E+01
  6.8430000000E-03  9.6227400000E-01 -1.0000000000E+00  9.5486000000E-01
  3.5042122000E+01  2.8167191000E+01  1.3668540000E+01  1.0077050000E+00
  8.5846764000E+01  1.4416209400E+02  1.3040539600E+02  1.0000000000E+00
  1.6589050000E+00  1.0000000000E+00  2.1064970000E+00  1.0000000000E+00
  2.0009090000E+00  3.5042122000E+01  1.0000000000E+00  2.8167191000E+01
  9.7782700000E-01  1.3668540000E+01  9.1623900000E-01 -1.0000000000E+00
 -1.0000000000E+00  3.4350000000E-03  3.4350000000E-03  3.4350000000E-03
 -1.0000000000E+00 -1.0000000000E+00  4.3017000000E-02  4.3017000000E-02
  4.3017000000E-02 -1.0000000000E+00 -1.0000000000E+00  9.5354800000E-01
  9.5354800000E-01  9.5354800000E-01  1.0000000000E+00 -1.0000000000E+00
  1.0000000000E+00 -1.0000000000E+00  1.0000000000E+00 -1.0000000000E+00
  1.0000000000E+00  1.0000000000E+00  1.0000000000E+00  1.0000000000E+00
  1.0000000000E+00  1.0000000000E+00 -4.7613000000E-02  1.0000000000E+00
 -2.3000000000E-05 -5.7464000000E-02  1.0000000000E+00 -3.5300000000E-04
 -1.2956000000E-01  1.0000000000E+00 -1.7625000000E-02  2.7046249400E+02
 -2.8000670000E+00  1.0000000000E+00 -1.6856930000E+00 -1.0000000000E+00
 -1.0000000000E+00 -1.0000000000E+00  1.6856930000E+00 -1.4266700000E-01
  1.2149700000E-01  1.2149700000E-01  1.2149700000E-01 -1.1383520000E+00
  2.1231000000E-02  6.0555800000E-01 -1.9490000000E-02  3.6300000000E-04
  3.3579300000E-01 -1.3533800000E-01  2.5240000000E-03  1.0673100000E-01
 -9.5354800000E-01  1.7784000000E-02 -9.0759200000E-01 -5.7118220000E+00
 -9.3568400000E-01 -1.0346550000E+00 -4.3241000000E-02  1.0000000000E+00
 -2.6000000000E-05 -5.2175000000E-02  1.0000000000E+00 -3.9200000000E-04
 -1.1763100000E-01  1.0000000000E+00 -1.9600000000E-02  5.3140780000E+00
 -1.0021840000E+00  3.4483700000E-01 -2.6478600000E-01 -1.0000000000E+00
 -1.0000000000E+00 -1.0000000000E+00  1.7669710000E+00 -1.7474100000E-01
  9.9149727000E+01 -1.0000000000E+00 -3.3000000000E-05  1.7263960300E+02
 -1.0000000000E+00 -4.1000000000E-05  3.5663980100E+02 -1.0000000000E+00
 -8.5000000000E-05  2.0000079300E+02  2.5000000000E+00  3.3000000000E-05
  3.4900329600E+02  2.5000000000E+00  4.1000000000E-05  7.2206781000E+02
  2.5000000000E+00  8.5000000000E-05  1.0000000000E+00 -1.0000000000E-06
  1.0000000000E+00 -5.1100000000E-04  1.0000000000E+00 -9.5438900000E-01
  1.0050250000E+00 -3.4350000000E-03  1.0028740000E+00 -4.3017000000E-02
  1.0013870000E+00 -9.5354800000E-01  1.0000000000E+00 -4.9000000000E-05
  1.0000000000E+00 -2.1780000000E-03  1.0000000000E+00 -4.2872000000E-02
  1.0000000000E+00 -1.0000000000E+00  1.5000000000E+00  5.0000000000E-01
  1.0000000000E+00 -3.1622000000E+05 -1.2132580078E+04 -1.0000000000E+00
 -2.0451810547E+04  9.1527509770E+03  9.1463570000E+00  3.7730000000E-03
  2.2487060550E+03 -1.2505300000E-01  6.7588000000E-02  6.5087120000E+01
 -1.8859000000E-01 -9.1527509770E+03  7.5439400000E-01 -9.1527509770E+03
 -6.9047832030E+03  1.0000000000E+00  1.8569300000E-01 -5.0000000000E-01
  1.9200000000E-04  2.6684520000E+00  8.8948400000E-01  5.2397100000E-01
  2.5902730000E+00  1.2090400000E-01  1.0000000000E+00  3.6607700000E-01
  1.8323000000E-02  5.3070800000E-01  2.6120320000E+00  1.2143800000E-01
  1.0000000000E+00  3.6327500000E-01  1.9399000000E-02  5.3114800000E-01
  2.6134470000E+00  1.2147300000E-01  1.0000000000E+00  3.6309200000E-01
  1.9470000000E-02  5.3131600000E-01  2.6139860000E+00  1.2148600000E-01
  1.0000000000E+00  3.6302200000E-01  1.9498000000E-02  5.3753300000E-01
  2.6338800000E+00  1.2198000000E-01  1.0000000000E+00  3.6043600000E-01
  2.0539000000E-02  7.1092800000E-01  3.1304670000E+00  1.3573600000E-01
  1.0000000000E+00  2.8830900000E-01  7.1490000000E-02
