0
1
2
3
13
14
15
16
17
18
19
20
21
22
27
28
32
39
43
44
46
54
68
69
70
71
72
73
81
82
89
90
91
92
94
95
96
97
98
99
100
101
102
106
107
108
114
115
116
123
136
137
138
139
140
141
142
143
144
145
161
162
163
170
175
176
183
184
185
187
188
189
190
191
198
199
214
221
222
223
231
235
243
244
253
262
263
264
265
266
270
286
287
296
297
298
299
300
301
310
311
317
318
319
320
321
322
329
330
331
332
333
334
335
345
346
360
361
373
374
375
377
383
384
385
392
393
394
401
402
403
404
417
418
424
425
434
435
436
437
438
442
443
444
464
465
466
467
474
475
476
477
479
480
481
488
489
490
496
503
504
512
513
521
522
523
524
532
533
534
543
544
545
548
549
550
552
556
557
558
573
574
575
576
577
578
579
580
581
582
584
585
586
587
594
595
596
597
598
599
600
601
602
603
604
605
606
607
614
621
622
623
631
639
657
658
659
665
666
667
677
678
686
694
702
709
716
723
727
728
729
730
731
732
733
734
735
736
744
749
750
757
759
766
773
774
775
776
777
778
779
780
787
788
789
797
798
799
807
808
809
818
819
833
842
854
855
856
857
858
862
863
869
870
877
878
879
880
881
882
883
884
885
892
893
900
907
917
918
919
920
921
922
923
924
925
926
927
928
929
930
931
932
938
939
940
941
943
945
947
949
965
966
968
970
973
976
979
982
984
992
995
998
1001
1004
1007
1010
1017
1020
1023
1026
1029
1032
1035
1038
1041
1044
1047
1050
1053
1056
1059
1062
1065
1071
1075
1077
1081
1085
1089
1093
1095
1098
1112
1116
1120
1124
1128
1136
1144
1152
1157
1163
1172
1174
1183
1189
1195
1204
1213
1222
1225
1227
1233
1246
1254
1264
1272
1281
1287
1293
1299
1308
1316
1323
1324
1334
1342
1350
1354
1360
1363
1367
1373
1376
1379
1381
1383
1389
1391
1393
1401
1414
1418
1419
1433
1435
1437
1439
1442
1445
1452
1455
1457
1465
1467
1469
1471
1473
1475
1482
1495
1497
1498
1510
1517
1530
1543
1545
1549
1553
1559
1565
1567
1569
1577
1579
1581
1588
1593
1595
1603
1606
1609
1616
1622
1630
1637
1643
1647
1657
1664
1671
1674
1692
1699
1705
1707
1713
1715
1719
1721
1729
1731
1735
1742
1746
1750
1754
1761
1768
1773
1780
1787
1791
1803
1810
1817
1823
1830
1837
1843
1850
1856
1862
1869
1871
1876
1883
1890
1897
1903
1908
1913
1918
1923
1929
1936
1940
1945
1949
1955
1958
1960
1963
1965
1968
1975
1977
1980
1994
1996
2001
2007
2012
2016
2021
2026
2030
2035
2040
2047
2055
2063
2070
2080
2090
2097
2105
2109
2114
2119
2125
2131
2135
2139
2145
2146
2151
2155
2161
2165
2169
2174
2181
2187
2191
2197
2203
2209
2215
2226
2232
2235
2242
2247
2252
2256
2264
2269
2274
2281
2287
2290
2302
2312
2323
2328
2340
2344
2349
2354
2359
2366
2370
2376
2385
2389
2394
2399
2403
2408
2413
2420
2426
2433
2436
2444
2447
2451
2455
2459
2464
2469
2473
2477
2481
2485
2490
2494
2503
2508
2515
2523
2529
2536
2543
2547
2551
2555
2560
2564
2570
2571
2579
2586
2591
2595
2600
2605
2606
2614
2621
2629
2644
2655
2658
2669
2679
2689
2705
2709
2712
2731
2741
2745
2749
2756
2763
2770
2777
2784
2791
2798
2813
2815
2817
2824
2832
2836
2840
2853
2858
2863
2870
2884
2888
2890
2899
2902
2906
2913
2933
2937
2946
2955
2968
2973
2977
2982
2984
2990
2995
3001
3009
3017
3025
3033
3041
3049
3057
3065
3072
3079
3081
3087
3094
3101
3108
3117
3125
3134
3135
3136
3138
3145
3152
3160
3167
3172
3179
3186
3202
3218
3221
3227
3232
3236
3238
3244
3248
3250
3257
3267
3275
3284
3291
3298
3302
3313
3325
3327
3331
3351
3353
3360
3367
3369
3373
3380
3387
3391
3396
3403
3410
3426
3433
3440
3448
3469
3476
3482
3489
3496
3503
3510
3517
3522
3529
3536
3543
3550
3557
3564
3571
3578
3585
3592
3599
3605
3607
3614
3630
3637
3641
3647
3649
3651
3660
3662
3665
3668
3679
3690
3692
3694
3705
3709
3710
3719
3727
3735
3745
3754
3761
3768
3775
3782
3789
3796
3803
3807
3812
3818
3824
3829
3833
3837
3845
3852
3867
3873
3884
3895
3898
3899
3902
3905
3916
3921
3923
3933
3947
3959
3975
3990
4003
4009
4010
4017
4022
4027
4028
