  3.8310626614799431e-01
  4.7984250865111172e-01
  9.6707892341994639e-01
  7.8353603859192478e-01
  4.0973602108121981e-01
  9.5736517090205886e-01
  1.9697928631428502e-01
  5.2934481173356840e-01
  5.0419282044619573e-01
  4.8340676824543954e-01
  3.7761358260344902e-01
  5.1971964697022000e-01
  8.1576889925279228e-01
  2.0862875582418788e-01
  3.8879507805500907e-01
  4.6142682395729710e-02
  3.0480456406133660e-01
  8.1383942043891677e-01
  6.8209396970916902e-01
  8.8243724279604319e-01
  8.1798941107038170e-02
  4.9482566030096781e-01
  4.3033077639602024e-01
  3.4545757668329552e-01
  9.1365961560275022e-01
  1.6017165207663092e-01
  3.8786914519561921e-01
  9.6721665608220153e-01
  6.6724690499356601e-02
  3.1672763165044443e-01
  1.2672359717187068e-01
  1.1580012615119728e-01
  1.6435755284599324e-01
  9.3947800438111059e-02
  5.3213248869281582e-01
  7.6240445811485336e-01
  4.1749568623477740e-01
  8.3552963200593189e-01
  8.0472909733502962e-01
  9.1711658525286330e-03
  6.4471331350945904e-01
  1.1235277299870526e-01
  2.1570199458582903e-01
  9.0928716257680409e-01
  1.4467848330422509e-01
  2.0747787321176231e-01
  8.5064079093183609e-01
  7.1310906934446872e-01
  8.0424878936559904e-02
  8.1869909406454044e-01
  3.4895878304996508e-01
  1.6254734259227177e-01
  5.3975099389090264e-01
  9.2332696794368918e-01
  4.3712357134437391e-01
  5.4012536791141319e-01
  6.9835334831463247e-01
  2.0543851107344608e-03
  8.3660327571360826e-01
  8.8942372564956840e-01
  1.9751060468157746e-02
  9.8419952168746799e-02
  3.7415557811915223e-01
  9.6747891986326251e-01
  6.1958534073090743e-01
  6.7003834772223125e-01
  4.5616918223248415e-01
  8.3803533000800867e-01
  8.2309807484362529e-01
  5.4211210795372700e-01
  9.2391182382299902e-02
  2.9527638946476720e-01
  6.0223768752211004e-01
  1.8283858198138517e-01
  7.3317024500168904e-01
  5.4889197598894213e-01
  1.5616039162837586e-01
  9.2507026489790201e-01
  2.0215510867292669e-01
  8.4485608044458718e-03
  6.8911141910646301e-01
  4.0096768938078153e-01
  3.7958292234257618e-01
  9.0318605002074570e-01
  9.4335043619872927e-01
  4.7397950494155006e-01
  1.7760484991083021e-02
  8.1995452833465021e-01
  5.7388459023519307e-02
  9.0127967181003049e-02
  6.9665460478631147e-01
  1.4714915499169356e-01
  5.7578770459584025e-02
  6.3357737026531122e-02
  7.2282963438666370e-01
  3.3708240330910341e-02
  6.9571751259045078e-01
  2.2117648905227164e-01
  6.2538606614528336e-01
  5.1329270805304195e-01
  5.7570811053586135e-01
  2.8724390713975678e-01
  8.9268470354587892e-01
  9.2592702628258708e-02
  2.9248457970705077e-01
  8.2189860897223532e-01
  9.9401908656729698e-01
  6.7816045469254321e-02
  9.7308533369311911e-01
  9.2278756063093903e-01
  9.5873118911208366e-01
  5.6316367348717500e-01
  9.5052530220186338e-01
  3.1822405725818148e-01
  2.6589707570057247e-01
  6.1084222413529565e-02
  3.3276783129377713e-01
  2.9242283811397324e-01
  4.0248467035005370e-01
  3.4112299601277506e-02
  2.8746888730439912e-01
  2.1962133818699164e-01
  5.6592786802721162e-01
  8.7009289357650521e-01
  2.5498648299422483e-01
  5.9181033476410405e-01
  5.2269269311247402e-01
  1.2914618935109443e-01
  3.7760136944724452e-03
  3.2581647320697760e-01
  3.6076281949545286e-01
  9.9403474434427108e-01
  9.3996292747357557e-01
  4.3413808158666056e-01
  9.3550528663477961e-01
  4.9683293963463487e-01
  9.7107097065485937e-01
  9.5767394156570851e-01
  7.2072586120293269e-01
  6.4796352532731927e-01
  8.6260003837975774e-01
  3.0909188032451552e-02
  3.6587797291669860e-01
  9.3820533868747363e-02
  3.3464995185185853e-01
  7.3275316688418265e-03
  8.1552637451769316e-01
  2.5009804270544438e-02
  4.2420314694742595e-01
  3.3802001473332247e-02
  6.7670340422285746e-01
  3.2795739115084360e-01
  5.6006751975382663e-01
  4.2480711634739582e-01
  1.5010102932602357e-01
  6.4363273205970392e-02
  6.1644487065777098e-01
  6.2900583856166381e-01
  1.7663819213115062e-01
  4.0791709644022534e-01
  7.0613928354390365e-01
  4.2979021848730975e-01
  2.1093225232668225e-01
  5.9098997154086197e-01
  8.3720285046434795e-01
  8.8828782119549199e-01
  8.8560405301024636e-01
  9.6290796074737184e-01
  7.6963248518823235e-01
  3.6794261944229872e-01
  6.8135383917169653e-02
  1.0889649437123448e-01
  9.3682163416494868e-01
  5.1105547385885552e-01
  2.1127777707810075e-01
  4.2110506439062229e-01
  8.2953865154693052e-01
  1.4246930952049591e-01
  3.2163216312996706e-01
  8.1790875997378054e-01
  2.9338344914853143e-01
  7.9951482101435323e-02
  9.2830873586688978e-01
  1.6677465415534284e-01
  3.8677261315065153e-01
  4.8601078370658785e-01
  8.1087398524488963e-01
  4.0570801401905432e-01
  7.9502716248357919e-01
  1.9377033807226614e-02
  9.5665661994922613e-01
  8.5491577042407108e-01
  9.8631367644369250e-01
  2.5069680865928040e-01
  4.8251489914666862e-01
  3.2461247745830119e-01
  5.7401703792474036e-02
  2.9096834159252100e-01
  6.7607538503134268e-01
  9.5215246299587286e-01
  4.0272700288430892e-02
  8.2161656582225628e-01
  2.2362011191654388e-01
  9.9969725003048437e-01
  2.6052565007445810e-01
  2.3028284615105071e-01
  5.2508905092767799e-01
  5.6067295561207053e-01
  8.2602992624197347e-01
  2.8846036550441123e-01
  2.5271187224023162e-01
  2.4024804061857999e-01
  5.5149202606081704e-01
  2.1533688793697178e-01
  6.6549314490956335e-01
  3.0886419390885439e-01
  4.6977859934039456e-01
  5.0580441229571638e-01
  6.8838660457858503e-01
  1.9286503667040680e-01
  2.7356542036342568e-01
  9.2632675549207610e-01
  2.3474086287238421e-01
  1.2798187225778332e-01
  4.1261781858840046e-01
  6.3472159901696612e-01
  1.8154521145118654e-01
  4.0323121985173976e-01
  6.8876348745350136e-01
  3.2589296421440900e-01
  9.2328432079626654e-01
  7.5713401442998807e-01
  4.0111255337516871e-01
  1.9610904639227356e-01
  4.0027549040838528e-01
  1.5447530059267719e-01
  6.4571302876432327e-02
  1.2034604300710035e-01
  2.9341636067905397e-02
  8.6518758747057933e-01
  4.1419778150482683e-01
  7.9193160467904811e-01
  8.1639725753558279e-01
  3.9531625734811743e-01
  8.2594563548854427e-01
  3.3762329061985996e-01
  1.9735456168417320e-01
  5.1007079058602267e-01
  2.0988788766789154e-01
  5.7998465976910696e-01
  9.7921348957374255e-01
  4.6712231673349414e-01
  8.0211830352307800e-01
  4.3294826613249027e-01
  2.4118274698639033e-01
  6.3462401027897464e-01
  3.6718488938031185e-01
  4.3145909142994859e-01
  3.0192019455484687e-01
  4.3217639980482564e-01
  6.9052386130378829e-01
  5.1228748541555746e-01
  9.9137352899996511e-01
  1.8407144714993806e-01
  5.5896817492816064e-01
  4.8704919691710868e-01
  3.9748636669898307e-01
  4.9284848842821394e-01
  9.6884386835470937e-01
  8.2703185883588537e-01
  1.2838542938111472e-01
  8.4226173736330867e-01
  7.8947447163427709e-01
  3.4483222861803803e-01
  7.3849633684033744e-01
  5.9510178445651894e-02
  5.5864852288527378e-01
  7.8271926613761023e-01
  1.4076744679845504e-01
  5.5765031673504395e-01
  2.0544898481867516e-01
  8.6049170772119765e-01
  2.5735271877336219e-01
  2.7763770728554826e-01
  2.8816628193421623e-01
  7.3477549444701717e-01
  4.9701226529269232e-01
  5.4673471253601273e-02
  1.9128916122301565e-01
  7.2456537506244112e-01
  9.7366140199769369e-01
  7.0448802689978118e-01
  8.0152582288234198e-01
  2.0624790846662025e-01
  7.7266716516040435e-01
  8.7269862289294253e-01
  8.0738926322800997e-01
  7.5662759328932094e-01
  9.0461281512802472e-01
  4.2099858798271728e-01
  6.5840026618278213e-01
  1.2965596423134096e-03
  9.8200177843053826e-01
  4.1231440148336257e-01
  3.4759776766678796e-01
  6.6817226586016709e-01
  4.4367530106164527e-01
  8.3986997136044961e-01
  5.2951640448926129e-01
  2.5714143355714741e-01
  1.5629855447711963e-01
  5.5781613179342038e-01
  9.6130029371814629e-01
  9.5127263870004197e-01
  7.3486522684214384e-01
  2.2255538529330951e-01
  4.9663085690759479e-01
  7.0241713188338517e-03
  3.1619153225693702e-01
  7.3841662921536066e-01
  7.9033593175802708e-01
  4.0028265495842164e-01
  3.9988762290519975e-01
  2.5169190807032171e-01
  9.1911860129705605e-02
  6.0220497405733464e-01
  8.3244849611929639e-01
  2.9348369791848922e-01
  4.6553725435462501e-01
  4.5526841481391675e-02
  8.5722508051001720e-02
  5.1314471164468345e-01
  7.1542739107679409e-01
  3.5435579441398066e-02
  9.7957826458979258e-01
  4.9744924919645839e-01
  7.0074386273036582e-01
  8.0312889307135393e-01
  5.1667425836245107e-01
  5.0269787425592494e-01
  7.5473855512835897e-01
  2.3810721918755418e-01
  9.4307556463767184e-01
  8.8625294362623550e-02
  5.4300948796123427e-01
  9.0345198991410758e-01
  8.6132162307383686e-01
  6.3147978774128788e-01
  2.6236351104719224e-01
  3.7901759370297428e-01
  3.3732378137347840e-01
  3.1459490880697977e-01
  9.4710315825822644e-01
  5.3517088451315520e-01
  7.0195512749988653e-01
  8.7503795814612517e-01
  9.8624967954826792e-01
  8.8530492508067282e-01
  4.0484425598002055e-01
  6.2714348998470582e-01
  3.8545598687251448e-01
  8.4786087897345097e-01
  5.2684856963108939e-01
  8.0740365345404141e-01
  3.9349650728416519e-01
  9.6173406692007513e-01
  3.0120593871798267e-02
  9.5372993384696236e-01
  7.1438490134798904e-01
  6.4654823149691465e-01
  4.4665225772704437e-01
  1.7462691102075992e-01
  8.3524708154261917e-01
  9.7009385152356331e-01
  1.3497489904385451e-01
  2.5098900728032147e-01
  9.1000712496609681e-01
  6.7646591362842978e-01
  6.2316074609034477e-01
  5.1221568734354705e-01
  3.4827455424047272e-03
  2.2688830609969721e-01
  9.7845729072444176e-01
  8.6125240421968363e-01
  1.4385223885235615e-02
  4.8577686490339789e-01
  4.1640296494186557e-01
  7.7290241811579397e-01
  4.8814753276396611e-01
  5.2256456924806127e-01
  7.8204942916402376e-01
  5.9122934779066483e-01
  1.2639277597073376e-01
  1.0971926724442467e-01
  6.6290538789622078e-01
  9.9709311495460251e-01
  3.4618094169837565e-01
  1.7605451539197306e-01
  6.7888961265764519e-02
  3.0939588671690066e-01
  3.3475979823198992e-01
  3.7616756759638520e-01
  9.5220683126210170e-01
  7.1932051130131636e-01
  7.7934243528645719e-01
  6.1765866133463487e-01
  6.4923833419791588e-01
  7.5628330467640481e-01
  1.4783418942127613e-01
  5.9945367763475899e-01
  8.9860868933352778e-01
  1.7193285555577381e-01
  8.1892810807870697e-01
  6.9293758730988392e-02
  9.5568726200912080e-01
  3.1733783758219641e-01
  5.2011734501769035e-03
  7.5993550721659364e-01
  3.0867981986021364e-01
  7.1525567504246534e-01
  8.0947518153498738e-02
  8.4587792407978735e-01
  7.1837620331279695e-01
  8.7039299801911862e-01
  8.7215969236612578e-01
  7.6156322403044485e-01
  6.6945645900320427e-01
  9.0202827121321894e-01
  8.2146231979928341e-01
  8.3265726939889217e-01
  6.3991793347288606e-01
  1.5620432257960551e-01
  7.8316794455246519e-01
  7.3140539811595928e-01
  5.6473196015445337e-01
  7.2334925954054330e-01
  2.3973809620873876e-01
  4.8985853340861296e-01
  4.2360268028225817e-01
  7.9567755219311542e-01
  7.6340998463052412e-01
  2.3888880554942632e-01
  6.3510932981217227e-01
  2.3154521340044468e-01
  6.1593818104815490e-01
  2.6850455249156618e-01
  9.9121314785995374e-01
  7.6031887349076244e-01
  4.8216736950152894e-01
  9.4520033584416630e-01
  3.6073826958424138e-01
  8.4391036051474203e-02
  9.4851353247705694e-01
  6.9082748860243970e-01
  6.1550858697402211e-01
  8.9497805909306716e-01
  1.2538210909242911e-02
  3.0091203776671888e-01
  9.6508075757293110e-01
  1.0209053177604732e-01
  5.9602172597800585e-01
  4.6897767694450176e-01
  7.1732563950166406e-01
  8.5887093325300579e-01
  1.8559840970849026e-01
  4.6237497060105037e-01
  9.0329975969027632e-01
  2.2104508701066658e-02
  7.6040615341229389e-01
  7.9585199983556920e-01
  3.1385090664489851e-01
  2.3582519679455208e-01
  4.9445178403737317e-01
  6.8525445620257819e-01
  9.4463369415102760e-01
  4.3931191819136339e-01
  4.9743435246458106e-01
  9.8617923267200897e-02
  5.5443751494934279e-01
  4.3569431958836113e-01
  1.8126457286870512e-01
  1.5381181128668409e-01
  9.3372937872637107e-01
  1.3626560984517930e-01
  9.9854499675487762e-01
  6.9062062616001063e-01
  9.6104245590728354e-01
  7.7550150668381090e-01
  7.2413387439586839e-04
  3.2547141165379623e-01
  5.4410363139114959e-01
  3.0650631895533120e-01
  6.7270388997320696e-01
  3.4571332125663690e-01
  9.8059941640093296e-01
  3.5396830994119327e-01
  1.9515478748612380e-02
  8.1275205168089037e-01
  9.8281443730752704e-01
  3.1183580824984036e-01
  3.7890843221417653e-01
  7.4802944719977416e-01
  4.4283007675707770e-01
  9.9891500755997148e-02
  9.9262245141493199e-01
  5.3626195923788922e-01
  1.3454796820234302e-01
  1.3130000463859340e-01
  8.6399368017541434e-01
  7.0827248521680031e-01
  9.9824069732846132e-01
  8.1575691646793036e-01
  7.8223986507132115e-01
  7.6361574916400388e-01
  9.0497524262753826e-01
  1.0312187124520304e-01
  2.1171037560453598e-01
  8.5108861854899998e-01
  7.4296516073004726e-01
  4.0507100030066950e-01
  3.0504181258791191e-01
  4.7419497415638495e-01
  1.4473766576455518e-01
  4.9434015009856164e-01
  5.3012423810321263e-01
  5.1024242585041812e-01
  2.2746915450685162e-01
  9.3499391447368663e-01
  5.1769208409328349e-01
  4.5926090399179409e-01
  7.7673799024685664e-01
  7.3380324591087653e-01
  6.0238192413105829e-01
  5.6929030560598108e-02
  7.2003199158115525e-02
  6.3568163475821204e-01
  8.7633382235037971e-01
  4.2747944303862678e-01
  7.0840341946113805e-01
  7.0190120247324933e-02
  1.9065161290084041e-02
  5.0830985570216125e-01
  8.6940599215385506e-01
  7.9854901182630633e-01
  7.9923405607483278e-01
  1.9611330083400852e-01
  7.1437437384028668e-01
  2.1500842564622338e-01
  7.8650742078320890e-01
  1.7214752648350487e-01
  2.0614723022631148e-01
  4.6447419092995457e-01
  7.4526504891063397e-02
  5.9658051004202217e-01
  1.9099046788090523e-01
  9.3481736599206888e-01
  3.0751250579874984e-01
  4.6189212001549057e-01
  8.2975328309628804e-01
  3.0013750624030883e-01
  7.0961985169873754e-01
  7.4601074542516702e-02
  7.5021581300357665e-01
  4.6890540192145480e-01
  9.4491396490862156e-01
  1.3973898146851585e-02
  5.4198845180858747e-02
  7.3844886722854253e-01
  6.3556508059035877e-01
  9.3097219623948468e-01
  4.6096060539957301e-01
  5.1288994357184692e-01
  4.2448111287082502e-01
  4.1591693635621996e-01
  3.8823428375289415e-01
  8.5553720865675253e-01
  8.2301891210978984e-01
  9.1391034757925471e-01
  8.3604194139658683e-01
  8.6808758687698495e-01
  7.7558725598612976e-01
  4.3192792375934480e-01
  4.3609798620902757e-01
  2.2430472608039334e-01
  1.3184340257975677e-02
  3.7596625004653711e-01
  8.3856231104916379e-01
  2.8624333713830208e-01
  2.8412912860613576e-01
  3.2708034490656224e-01
  4.7620926031277028e-01
  2.2598334525968586e-01
  9.6200619568934154e-01
  3.0645822520195115e-01
  7.7892558525256073e-01
  8.9534244333903679e-01
  2.5372331901581296e-01
  1.4575333736929941e-01
  3.4149627261057536e-01
  7.3313468490594325e-01
  3.3863913229489478e-02
  5.4423875980859915e-01
  5.5844540041460311e-01
  6.6968372236257034e-01
  5.8392692252472689e-01
  6.8590908864932987e-01
  7.6598386782093120e-01
  8.9766211599790313e-01
  9.6678967017847539e-01
  9.0579352900226551e-01
  1.7857938586859604e-01
  9.7848802750124575e-01
  8.9798574239766671e-01
  2.9361403161037917e-02
  2.8202235626810929e-01
  1.8790114853057172e-01
  6.0875350905262049e-01
  2.0935438306512741e-01
  9.9773466394785626e-01
  1.6761820675868080e-02
  4.3962816081821399e-01
  1.4839518966842011e-01
  6.2144593637260959e-01
  7.5436878488318071e-01
  2.8059695251810018e-01
  5.2717968194715903e-01
  3.1244057956540766e-01
  1.8174086842883477e-01
  7.7925294400852396e-01
  8.0950906264010469e-01
  7.2331294632212939e-01
  4.5309489863023571e-02
  6.1329975023937633e-01
  3.3521488900661767e-01
  5.8386259453587919e-01
  9.1317781149095634e-01
  5.0127249564558529e-01
  4.1750954309417754e-01
  7.9945750417805583e-01
  8.9060916161782711e-01
  5.1335333208300404e-01
  3.8972646210297046e-01
  9.3063870134344351e-01
  2.8273214995346657e-01
  7.6993714334136498e-01
  7.2758321281803107e-01
  9.1460799727998277e-01
  1.0612041244031375e-01
  8.8893761052476672e-01
  5.9504044664935263e-01
  1.2079955835967104e-02
  2.3831437641801828e-01
  1.2362385229903144e-01
  8.8078431412909186e-01
  8.1323227650817831e-01
  7.6333830483269993e-01
  8.1038707214143746e-01
  6.8225386756367301e-01
  6.2480206973729713e-01
  3.6807854142816243e-01
  2.0278021335616941e-01
  2.7505121434265267e-01
  4.8154386568746421e-01
  4.0019124482556023e-01
  7.0229583439516718e-01
  3.2136094800631104e-01
  4.8453166259228866e-02
  7.7748617788058871e-01
  5.5340287311659075e-01
  6.7749350360908261e-02
  4.9617650140251085e-01
  8.3610517712225152e-01
  4.6093410181321204e-01
  7.8002540194857517e-01
  4.9174386705528067e-01
  6.9571396057929058e-01
  9.8506190302199059e-01
  3.5317225984642803e-01
  6.2199167088993468e-01
  5.1589375471413934e-01
  8.1503227133121370e-01
  4.8906399410191315e-01
  7.3145956533329093e-01
  7.1057449163574904e-01
  8.3441163328525314e-01
  1.0924177099792499e-02
  4.8377033459230424e-02
  5.0126734380728188e-01
  2.9168931972818068e-01
  1.3792660472635703e-02
  7.9417784740690167e-01
  6.7282672727455542e-02
  3.1017784848237939e-01
  3.4000541639059906e-01
  8.1677791462856009e-01
  4.3728392819605069e-03
  4.9381602192777013e-01
  6.1344804114471996e-01
  3.7408120392456906e-01
  1.9830820143251482e-01
  8.9506764239060777e-01
  9.8684858309377632e-01
  9.2178009201844668e-01
  3.9441734028608672e-01
  6.6228748022697081e-01
  5.4010991010596754e-01
  2.1107948052455383e-01
  3.0532991028813072e-01
  1.3402388941674720e-02
  4.5619414355634420e-03
  9.8778691108586802e-01
  8.1179693550613119e-01
  7.7040569061308328e-01
  9.0328524867138360e-01
  1.2377411581920941e-01
  9.6079544203285225e-02
  5.5146756443795186e-01
  6.5175886215075828e-03
  1.2569329873878349e-01
  5.5779931433288125e-02
  7.6267370485430641e-01
  7.1401559304777595e-02
  7.1823335278893419e-01
  1.4040799696230769e-01
  6.1569835547577634e-01
  4.7150919114434819e-01
  5.1035257157616032e-01
  3.4504307580567650e-01
  8.4757963743173848e-02
  2.5580134620719180e-01
  5.2557189667215698e-01
  1.4053476198666062e-01
  1.2047092147535833e-01
  5.0273887531639583e-01
  2.8591321165623390e-01
  1.1196719682365198e-01
  5.0004626424630749e-01
  3.7790098279232998e-01
  2.7055881433788181e-01
  9.5669102596633515e-01
  4.5806793545549362e-01
  2.4502058651653391e-01
  8.3045707167287375e-01
  3.0317372213763821e-01
  3.3219415625496351e-02
  9.8755931885230941e-01
  4.7977625336415652e-01
  6.0353580484884883e-01
  5.1624880391987704e-01
  9.7726096657817885e-01
  2.4719831001689482e-01
  6.6819458329975978e-01
  1.4673161942960680e-01
  4.0512233001295511e-01
  1.4205286779792831e-01
  3.4424601630835172e-01
  5.4993206598550404e-01
  4.2431706401970914e-02
  2.3195987324584094e-01
  3.9879069219249141e-01
  1.2069100301977867e-01
  4.4263007280643701e-01
  5.1452314937026990e-02
  9.9664661842331792e-01
  6.9437634371996559e-01
  6.1502167289909426e-01
  6.1715460436510317e-01
  8.2973918351325604e-01
  9.7928556870620787e-01
  4.3743474599635113e-01
  8.4621033413916780e-01
  3.9708363626661142e-01
  4.2037180112465067e-01
  8.9198810582473376e-01
  3.4566170384512568e-01
  8.0841295252860945e-01
  9.9427626868714702e-01
  7.8106375098494796e-01
  8.5180875254650268e-01
  6.6061103367446072e-01
  2.7211274867990354e-01
  2.4084323253222248e-01
  4.2592359921796252e-01
  5.9755812584698742e-01
  4.2004119736460799e-01
  7.6752415550879483e-01
  2.5691712966142675e-02
  6.9279302688507272e-01
  7.5343823238111718e-01
  9.5355792470588085e-01
  3.8732207536179775e-01
  5.6156336336850861e-02
  3.7534019724266937e-01
  6.5751317911213503e-01
  7.0176651460424466e-01
  9.0736824892120149e-02
  9.4798708905190066e-01
  5.3484884598166915e-01
  9.1024037996363660e-01
  3.0931087450688138e-01
  7.2489501248256993e-01
  3.8345893138779547e-01
  8.9887306220776531e-01
  6.8438059166544760e-02
  2.6499966941290654e-01
  6.2456122171298578e-01
  6.8027913671482854e-01
  7.3690084435205150e-01
  9.3298054563808852e-01
  6.1467113127261563e-01
  7.3830510659970727e-01
  6.3652589433377904e-01
  1.7013321948676474e-01
  2.7233558348910514e-01
  8.1244779889758723e-01
  4.0326096546946727e-01
  6.6008267951143940e-01
  2.8605898654706785e-01
  9.6138340759373653e-01
  5.7655599063682939e-01
  9.6662882740473066e-01
  5.1392094472635952e-01
