 -6.4312096794502631e+03
  1.6017165207663092e-01
  2.9527638946476720e-01
  1.2769675647649469e+01
 -1.4985389998091139e+02
  1.8322726943912679e+02
 -1.9583799691031590e+01
  2.7730017291657472e+00
  5.4898813822042747e-01
 -9.8807212889551607e+01
  4.3546111370770035e+02
  3.3507842224796428e+02
  1.2519968949733684e+03
  2.9864594804386004e+00
  1.7992297129623944e+03
  6.3637771389531991e+01
 -4.9837744912346640e+00
  1.9943738983209593e+00
  1.6312867658637165e+00
 -5.0015349762257504e+00
  3.1576286167362563e-02
  3.3226392811377137e-01
  9.8692967200971147e+00
  2.3746631858535406e+02
  5.7465727125647570e-01
 -2.3682955163430256e+02
  7.6574954799782058e-01
  2.0581050867474984e+00
  2.4686414713368997e+01
  1.5159852121400055e+00
 -1.0096171419823364e+03
 -1.2734455163653235e-02
  4.6146338884489614e+03
  8.9928348041682415e+00
 -7.2405373357220560e+02
  9.7115834192385967e+02
  1.7318416851627303e+03
 -8.8042055852447231e+02
 -1.2241655839547661e+03
  8.5116868266918357e+02
 -1.1774133813730846e+03
  3.4643848580970214e+01
  5.5198846393379438e+02
  1.7849891561638651e+02
  4.2244615786019392e+02
  5.5591558800367608e+01
  4.6941891380155329e+02
  1.0128629679255446e+03
 -6.9849083006023118e+00
  2.4918889784544419e+02
  1.2272651457232444e+00
  3.2589296421440900e-01
  3.7357526048230483e+01
  3.7191375741864206e+01
 -3.1692048016118299e+00
  7.5207976708274398e+00
 -1.1462790116091928e+00
 -7.7490521703476745e+00
 -2.1712036990124331e-01
  5.1986793009523979e-01
 -5.5968120137057600e+00
  1.1476647347937836e+00
  2.4422293080531468e-01
 -1.7663819213115062e-01
  1.0053482591785947e+00
  1.4994143044121971e-01
 -1.1204152529859282e+01
  1.4558641102559011e+02
  6.1391367117460058e+00
 -8.4139036574999650e+01
 -1.0465289247857820e+01
 -2.6380048001403452e+01
 -5.7183055743834711e+02
 -4.9675716947730519e+00
  1.9850983484803109e+02
  3.6038983998296183e+00
 -5.4779316544704126e-01
 -4.9120046888822255e+00
  7.4446071232565231e+01
 -3.2480093262288428e+00
 -6.4396279907538467e+00
 -1.9027603661659143e-01
 -5.4002171994539450e-01
 -1.6335359816631714e-01
 -8.6863815633283437e-01
 -1.6179374147562751e+01
  5.0514718812556403e+01
  1.2710696671913762e+01
  7.3029103937919597e+00
  1.9128916122301592e-01
 -4.9891610048065815e-01
  1.9246948601953437e+00
 -1.4244817290832124e-01
  2.3941270176847102e+01
  3.1117588951440940e+00
  2.1725833233623426e-01
  7.8271926613761023e-01
  4.2107010087734480e+01
 -6.2073240177026783e+01
 -8.9994533362166564e+01
 -6.9806284965811303e+00
 -7.9518981359946295e+01
 -5.5021231701926683e+02
  8.7269862289294253e-01
 -7.9044998634440091e+01
  8.0060012478471279e+01
  8.2726705556120095e-01
 -1.6545028619649987e+01
 -1.1856406400926048e+01
 -1.8751787643788222e+00
 -4.3648716505589868e-01
  1.0819195839908724e+01
  1.6908290220388201e+02
 -8.3194333416736943e-01
  2.4342853154450337e+00
  3.2733338675290180e-01
  3.7645618245747762e+01
  8.8260650836854235e-02
  1.5583954922298648e+00
  4.9380434201954349e-01
 -3.7828046315184410e-01
  5.6023040773026986e-02
  5.5773874732029938e-01
  5.0682633498589091e+01
  1.6811457594287404e-01
  1.5070828774412328e+02
  4.3237726329070500e+02
  1.2099523630927134e+01
 -1.0454766852651662e+02
  8.4625482929964775e+01
 -2.3152426160098109e+01
  4.0053562871646514e-01
  2.9609051582593004e+01
  2.0022763430359021e+00
 -4.3133247690631869e+01
  1.3051456512574972e-01
  5.9602172597800585e-01
  4.6897767694450176e-01
  7.1732563950166406e-01
 -3.4406387526715725e+00
 -8.8058636074266161e-01
  4.6237497060105037e-01
 -8.9646326767504352e+00
  2.2912992285513858e-01
 -2.7058343913297391e+00
  8.0745737204164603e-01
  3.0866467177599662e+02
 -3.1610353717276953e+00
  3.1647518315299141e+02
  6.0711567010767471e+00
 -2.3619483602745493e+02
  4.7457688658153209e+01
  9.7374758947632856e+01
  1.2674703145647879e+00
 -1.0603276242924631e+00
 -8.6243739395355270e+00
 -1.4611786122785970e+01
  1.3901277687440050e+00
 -3.1437182174561928e-01
 -4.0271108148165503e+01
  1.8504524224745831e+00
 -2.3704365088816413e+01
  1.1759405339516635e+00
 -6.1358871759843851e+01
  3.4500277008589741e+01
  1.9384674484007368e+02
  4.8998422535218245e+00
 -6.7717634399646469e+00
  8.4649178520365993e+00
  7.3089707593339237e-01
  3.1880908198097635e+00
  2.0179003984420749e+00
  2.3906214603329250e+01
  4.1247140729783460e+00
  2.6984853388708006e+00
 -4.5119295861811026e-01
  8.0904490518411105e+00
 -8.1630766520946441e-01
 -1.4235094593282422e+00
  9.2891617691829076e-02
  8.9492284566073053e+01
  9.9824069732846132e-01
 -1.5358921962861793e+01
 -3.5318644675151390e+01
  2.9594018693464029e+01
 -3.0824913063656596e+00
  4.6747405790250269e+01
  6.1756045650030797e+00
  4.6447873831216446e+00
 -8.2053624857847618e-01
  6.3720298219381766e+00
 -2.6566769053385118e+00
  3.7487715164463850e+01
  4.6027246801243784e+01
  1.0879167948484778e+01
 -2.9060425478913293e-01
  1.8811661835707609e+00
  7.4370137446330684e+00
 -6.6249495083775036e+00
  4.1578865185060886e+02
  9.7848802750124575e-01
  7.7300462619545840e+01
  7.6798390990358087e+01
  7.6916481147954428e+01
  4.7975341387936297e+01
  3.4278422534074977e+01
  2.0935438306512741e-01
 -1.4115971629248789e-01
  2.1287856599229529e+00
  7.5923379428429735e+02
  8.2687769582548742e-01
 -6.2204160481709181e-03
 -4.2030934655561110e+00
  1.7204618086620349e+00
  7.9077669688040589e+02
  1.0014626723713804e+03
  1.4146352069735914e+02
  9.6756922684576364e+02
 -7.6942322805050678e-01
  6.7687746321750035e+00
  3.7486516258779368e+00
  1.5951988886598319e-02
 -1.8656448999002351e-01
  1.7021946687613934e+00
  4.7409550043346482e-01
  2.1701224960130591e-01
  1.3536113040353573e-01
 -1.5699487106369003e+00
 -2.9320563816919902e+00
  1.4404162629516320e+03
 -1.4385372154086567e+03
  1.3534970205017823e+03
 -1.5724239954269279e+02
  2.8440630999604223e+03
  2.2959102327131074e+01
 -2.0420293504539043e+01
  4.2223113728032871e+01
  1.5063574159957940e+00
 -1.9851138483186190e+02
 -9.4894756193384694e-02
  6.2800962823366391e-01
 -9.8129581584673542e-01
 -2.4795090299877580e-02
  1.7837926139522020e-01
  8.6615298355485351e+01
  1.1072640630724901e+00
 -8.7074708657762102e+01
 -8.2371355458916788e+00
  5.6697199546598942e-01
 -5.5826960848661535e+01
  2.4101549949656880e+00
  4.1063876208668654e-01
  2.8970827289852266e+00
  1.1759398335083019e+02
  2.4262528031654229e+00
 -2.8933231133454785e+02
  4.0836699332078598e+02
  5.6948561675028103e+01
  1.5385482925147737e+03
  8.1078537453093827e+02
 -4.8906399410191315e-01
  2.8249590972720435e+00
  2.4482494004014174e-01
  3.7323731443445074e-01
  8.2575917199355445e+01
  7.6984563204575684e-01
  5.4167159614316904e+02
  1.9767512877058815e+02
 -8.8862512907868307e+01
  5.6156336336850861e-02
  5.7749253367648271e+03
  5.1624880391986494e-01
  8.6720039644130209e-01
  1.3404186952340069e+00
  3.0589415608462434e-01
 -1.1328583708473015e+01
  1.4426205204294425e+02
  5.5150860608330936e+02
  8.4737022672167006e-01
  2.1983783166490092e-01
  1.9481548714814667e+00
 -1.2537715774403630e+01
  3.0591458009672209e-02
  5.5159681012431039e-01
 -1.1989226899467526e-01
  2.0044645741894088e-03
  1.1649972897471170e+00
  6.9437634371996559e-01
  1.9893682199722574e+02
  2.4084323253222248e-01
  4.2592359921796252e-01
  5.9755812584698742e-01
  4.2004119736460799e-01
  7.6752415550879483e-01
  2.5691712966142675e-02
  6.9279302688507272e-01
  9.9066928689221709e+02
 -4.1834779259350610e+00
 -2.5113222989453453e+02
 -2.8226711618288012e+00
  1.3691640679756054e+00
 -4.8153979242870184e+00
  1.2179929058193682e-02
  3.7078387684727332e+00
  1.7738125304401993e+00
  4.4906380944492092e+01
 -3.3666463418112265e+01
  1.9177316815130180e+02
 -1.5103008273097063e+00
 -4.2034297487524668e+02
  3.5316173427091324e+00
 -6.1919351302842017e+01
 -5.0586660071443384e+02
 -2.0526703524850890e+02
 -7.6240445811485336e-01
  5.9825995232092533e+00
 -4.0019124482556023e-01
  2.5163707448443202e+02
 -6.7251875512437440e+00
  1.0275376110535388e+00
 -8.8177843435584975e+01
 -4.8154386568746421e-01
 -7.3275316688418265e-03
 -4.4665225772704437e-01
  4.0890987501222744e+00
  7.8397938470280474e+02
 -1.1239957241201497e+01
  3.9207367330636700e+00
 -4.3186969513151124e-01
 -5.1769208409328349e-01
 -6.8225386756367301e-01
  2.2990581866558459e+00
  3.0572473629595667e+00
 -2.5484863878132624e-01
  1.6813270867776631e+00
  5.6794311062930057e-02
 -7.7673799024685664e-01
 -2.4289869434407367e+00
 -7.0229583439516718e-01
 -5.3213248869281582e-01
 -2.7505121434265267e-01
 -4.6559041649586625e+01
  2.1665816498208921e+00
  5.1335798757240596e+00
  2.2763351979419067e+01
  1.2376369464698016e+02
  7.9965120909796887e+00
 -9.9302351747055990e+00
  1.9269829050557892e+00
  3.6881822151458073e+02
  1.4213033263805801e+00
  5.7675217830225511e-01
 -1.9090201975332420e+02
  2.6542800310878660e+00
  3.0545082190482455e+00
  4.6817733134348636e+00
  1.8154521145118654e-01
  1.2422087230399361e+00
 -6.9095420740571738e+00
  4.5300693012069814e+01
 -1.5986049953972525e-01
  1.5133942438730230e-02
 -3.3995099721967613e+01
  8.4931529960789087e-01
 -4.8291133130645818e+01
  2.6934980502622068e+00
  3.3401550871995852e+01
  1.4384261141675966e+01
  7.0880523146583357e+01
  1.3237377449388065e+01
 -3.0552445568349407e-01
 -1.0565749670354054e+00
  4.2203210062432584e+02
 -9.2332696794368918e-01
 -4.3712357134437391e-01
  1.8906315343413054e+00
 -1.3246119776338031e+01
  1.6854764545975733e+00
  8.2054118613110472e+00
  8.6450259024840925e-01
 -9.8419952168746799e-02
 -6.5088400860183859e-01
 -1.2681457075018852e+00
  8.0386676184442951e+00
 -1.9582256124354893e+00
  7.4481915923869699e-02
 -4.6191530863734421e+01
 -8.2001115273570768e-01
  4.8190468361410382e-01
  5.5878639698400079e-01
  6.3127483041287724e-01
  1.2988592459938679e+00
  8.1995452833464810e-01
 -1.3686174823981418e+02
  1.5079883806826481e+02
  5.4757632679189374e+00
 -2.0905401106982914e+01
  8.3493680831272812e+00
 -9.0948355869606203e+00
  9.7093638395341362e+00
  2.1217371215253269e+01
  7.9834235846729129e-01
  9.5767394156570851e-01
  1.6244436905382489e+01
 -4.6073298856748593e+01
  9.1403127973669962e-01
  1.5600520384125849e+00
  2.9629633335316036e-01
 -1.2320946472617413e+00
 -6.2858758864188180e-01
 -9.2711519205385497e-04
 -3.2825875556392554e+00
 -3.7605828219836757e+00
  1.6498636345770950e+00
 -1.0658193573671246e+01
  9.3918503931182362e-01
 -1.4897640976908591e-01
  1.5205167557878452e+00
  3.9678752644808141e-01
  5.5128152579186093e+01
  7.7820021252831998e+02
  2.3184678752928334e+00
 -5.4020457345207085e+01
  1.2399149963245857e+00
  4.4080054344512035e+01
  2.7223426304808673e-01
  1.0565024525700172e+01
  4.6767491331242539e+00
  8.4379928489302056e+00
  1.6190029899580192e+00
  6.0220497405734352e-01
  8.3244849611930716e-01
  5.2986437178856394e-01
  7.1438490134798904e-01
  5.6470892521034655e-02
 -1.7298833473658226e-01
 -5.0627407018775628e-01
 -8.9404658666782666e+00
 -8.0313830982134604e-01
  9.8739333400863494e+00
  1.0871402873956083e+02
 -2.6560995907713472e+00
  1.3264676788291954e+01
  3.0609547572798229e-01
 -5.8529188181486829e+00
 -2.7373775544044747e+00
  2.3512881347790784e+00
  5.2352892825106989e-01
  4.6591443212253880e-01
 -6.6290538789622855e-01
  1.5592538752106471e+01
 -3.4618094169837565e-01
 -6.4975652882040089e+00
 -1.6058838495673999e+01
 -2.7294001136464158e-01
  2.4970664827501710e-01
 -2.5093291232976211e-03
  2.9949408124303019e+00
 -4.1990312310697797e-01
 -1.0193640780755531e-01
 -9.1429740113820106e+00
 -1.1961173066266138e+00
  3.6775534678575474e+02
 -7.6537917631798325e-01
  1.2411873611198928e+01
 -6.4682664008487381e+00
  1.1596918718738083e+01
  8.9497805909306716e-01
 -4.3740662628749727e-01
 -6.1765866133463487e-01
  1.7926132533983643e-02
 -2.1379822508731844e-01
  9.0020273741322416e+00
  2.1171037560453598e-01
  8.1823164970184403e-01
 -4.4376501788407402e-01
 -5.9945367763475899e-01
 -8.1892810807870697e-01
 -7.7290241811579397e-01
  6.5119283152146172e+00
 -3.8724326738478004e-01
 -1.1192372876001307e-01
 -8.9860868933352778e-01
  7.9598648240053560e-01
 -1.2002028486594336e+00
 -1.1038347667603464e-01
  6.1711534767142084e-01
 -4.3936271968667195e-01
 -6.3836352847176192e-01
 -9.0202827121321894e-01
 -3.4245242693250244e-01
  1.8849519849247651e-01
  7.2686254031867792e-02
  3.3125897935428333e-01
  3.5841520153317979e-01
  7.1447369274239225e-01
  8.6788711539264363e-01
  3.6267997380678429e+00
  3.9674814317827010e+00
  9.6508075757312040e-01
  3.0091203776671888e-01
 -2.0947559847346904e+00
  8.7252668324090124e+00
  9.2199322062506750e-01
  7.6122081280452241e+00
 -4.8421786031895880e-01
 -1.2136066763690247e-01
 -1.5068697462943046e+00
 -8.7605571559353033e-03
  5.6901838762539070e+00
  3.8045141764064527e+02
  9.1024037996363660e-01
  9.4775739018386873e-01
  8.9198810582473376e-01
  1.0449610226447834e+00
 -9.8755931885230941e-01
 -3.2708034490656224e-01
  7.0929480065683903e-01
 -3.3219415625496351e-02
 -2.2598334525968586e-01
  1.5669867393672170e+01
 -1.4977367174963316e+01
  1.9929444228470066e+00
 -4.8987542364902897e-01
 -9.7372418746440925e-01
  1.9697928631428502e-01
  6.1478435611776505e-01
  2.2965866271477753e-01
  9.9468160581747522e-01
 -3.4000541639059906e-01
 -6.1502167289909426e-01
 -3.8829622534711433e+01
  7.6376680926198304e-01
 -4.2360268028225817e-01
 -9.6200619568934154e-01
  4.0503397692617249e+01
  3.0137685848476206e+01
  8.1677791462856009e-01
  1.1313053528626738e+00
 -9.9028582796082935e+02
  9.7828869407825403e-01
 -2.5372331901581296e-01
  4.8340676824543954e-01
  1.3882641989276163e+02
 -4.0362177905087941e+00
 -4.1567223499252242e+02
 -8.7371325934287825e+01
  7.3690084435205150e-01
  4.7977625336415652e-01
  5.0419282044619573e-01
 -6.9805803672246025e-01
 -3.6286841682888733e+00
  3.8792212560105765e-01
 -1.4670892841229175e+02
 -1.3257277755976018e+00
  9.9427626868714702e-01
  8.2462493497843348e-01
  6.0353580484884883e-01
 -2.1359949797800107e+02
  9.3298054563808852e-01
  1.2748591882583061e+02
 -7.0294956646694284e-01
 -7.0857317123249874e-01
  2.8365307240114834e+00
  3.7761358260344902e-01
 -9.2113091777645584e-01
 -1.0346835232217908e+00
  4.7336033458083654e-02
  1.9605099850914700e+00
 -9.8684858309377632e-01
 -2.4024804061857999e-01
 -6.0876249753979792e+01
 -4.3483572764155502e+02
  2.5169190807030106e-01
 -1.1004515809869651e+00
  1.0779507816311142e+00
  3.7534019724266937e-01
  1.0584788004175794e+00
 -6.6968372236257034e-01
 -7.7816808605704402e-01
  6.0458808281033283e-01
 -5.5844540041460311e-01
  5.1866899923734400e+02
 -5.1791556100496291e+02
  6.4638134413208078e+01
 -4.5526841481391675e-02
 -4.0652940850876967e-01
 -6.3232520238512038e+01
  2.6937699494640044e+00
  6.8590908864932987e-01
  2.6944596656965438e+00
 -3.0532991028813072e-01
 -1.2585657723247092e+00
  7.3477549444701717e-01
  2.6595206509695640e-01
  4.3853596180282478e-01
  8.2113102632835810e-01
  6.5751317911213503e-01
  7.0176651460424466e-01
 -6.1763026279171462e-01
  5.0903485637758217e-01
 -6.0227810295057671e-01
 -1.2993739392251904e+01
  1.4459034391082330e+00
 -5.4010991010596754e-01
  9.6707892341994639e-01
  1.2414707869703898e+00
 -2.9348369791848922e-01
  1.5779634623042442e+00
 -8.4621033413916780e-01
  4.9701226529269232e-01
 -5.5101120296721626e+02
 -1.1721867186508565e+02
  7.8353603859192478e-01
  8.5180875254650268e-01
 -5.4740830503824284e+01
  9.2632675549207610e-01
 -2.6160819465242926e+00
  4.0973602108121981e-01
 -1.2456747964388935e+00
 -9.6856393609569551e+00
  6.1125374851712442e+00
  2.2221070956544215e+00
  2.7852771102156502e+00
 -3.4424601630835172e-01
 -1.4256817368416792e+01
  2.7966496780573757e-01
 -2.1156013196649770e+00
 -8.4659373569430993e+00
 -1.3911454910841755e+01
  4.5101154555393368e+00
  8.8426878294864082e+01
  4.8216736950154687e-01
  4.3718053450063028e+00
  6.2426470987639666e+00
 -3.5652262768727866e-01
 -2.6646435932700163e-01
 -3.9708363626661142e-01
 -4.2037180112465067e-01
 -3.4545757668329552e-01
 -8.1798941107038170e-02
 -4.9482566030096781e-01
  2.4234194885140830e+00
  9.4384982938851658e-01
  2.1569425050744620e+01
  8.8243724279604319e-01
 -3.0909188032451552e-02
 -9.3499391447368663e-01
 -3.0120593871798267e-02
 -6.2480206973729713e-01
 -9.8158734577399827e+01
  9.2507026489790201e-01
 -8.3584429438649954e-01
  1.3937531186875060e+02
  2.6958952765748991e+00
 -7.1448907448805388e-02
 -1.3703954578541744e+00
  1.7990507079920359e-01
 -5.4606528481407830e+00
  7.7108080650827535e+00
 -1.2504561313988247e-01
  5.1604887249730611e+00
 -1.2980027539460977e+00
  2.3843886120205238e-01
 -3.4239616030628355e+00
  1.3262075582578761e+00
 -2.5227875261996929e-01
 -8.8190583876584139e-01
 -2.6194589114315163e+00
 -9.2830873586688978e-01
  7.5217794875664353e-03
  1.4525206103939652e+00
  2.7464210165672647e+00
 -9.1494043966349459e-01
 -5.2860534264672743e-01
 -5.1688763385350356e+00
 -9.6141761468231579e-01
 -1.2205529910903199e+00
 -4.8742010061015545e-01
 -1.3010020974041532e+00
  1.7384559525475400e-02
 -3.3619693869915380e+01
 -1.6677465415534284e-01
  1.3315399557186296e+00
 -3.7085069921934277e-01
  3.1813322759894258e-01
 -4.2533095125941465e+00
 -5.1105547385885552e-01
  3.9470833936677691e-03
 -5.8663135536970268e-01
 -1.8364239536486526e-01
  1.7426973244172650e+01
 -7.8582984964685039e+01
 -1.8929003693381110e+00
 -8.6737733446752607e-01
 -2.0645273965253391e+01
  5.4129836817968586e+00
  6.8876348745350136e-01
  6.6549314490956768e-01
  3.0886419390885439e-01
  8.2602992624197347e-01
  4.6755074811346660e+00
  8.8316381643588585e+01
  7.5662759328932094e-01
 -3.4020848966449489e-02
  2.3918530227412735e+00
 -7.9413619920226113e+00
  5.3760058125621368e-01
  4.6553725435462501e-01
  8.5722508051001720e-02
  1.6094457229282419e-01
  1.4059328297449452e+01
  7.9780079108902158e-01
 -1.5475987583002713e+00
  3.5361002260784349e+00
 -2.1946961571412078e+01
  1.1072249278755706e+00
 -2.5246600666883010e+00
  8.4948829016360623e+00
  1.1489759568126846e+01
  3.3805583608718121e-01
  8.0957169676913114e+00
  2.4613806472451689e+01
  6.6141155494324240e+00
 -3.9415383297165967e+00
  9.9032122615770675e+00
 -4.4599596452730184e-01
 -7.0009157584240409e+00
 -4.0138879102826111e-02
  1.0604739509425304e-02
  2.0348080975760391e+02
 -4.1491200928555929e+02
  7.1429944360798061e+01
  1.8686085650489836e+01
  7.2553533506171473e+00
 -2.9283486013913640e-01
  2.5099535287046445e-02
 -3.5881208294882228e+01
  3.9874665489931980e+00
 -9.4744218818104475e-01
 -1.3973898146851585e-02
 -8.2975328309628804e-01
 -3.0013750624030883e-01
  8.1143675691843575e-01
  2.6568641029876190e+00
 -9.7265763234673619e-01
 -1.1169810827819711e+00
 -9.4491396490854462e-01
  1.5855225170106388e+00
 -2.0795846817810998e-01
 -9.3097219623948468e-01
 -4.3283750396264226e-01
 -3.3133354567854418e+01
 -9.0048237929719088e-01
 -3.8823428375289415e-01
  8.9766211599790313e-01
 -4.4417993086703360e+00
  1.1391492034881341e-01
 -4.4634417981495687e+01
 -9.7078173848174298e-01
 -1.1941703402815607e+00
 -8.7954627060468340e+01
  8.3856231104916168e-01
  2.8624333713830208e-01
  1.9114449832474758e+00
 -1.1956745057462657e+01
  3.0205869648799748e+00
 -1.0916095109166719e+00
 -4.1044954988914029e+01
 -1.3422441547458541e+02
  1.3422878831386737e+02
  5.8123720231413856e-01
  8.1866365876559843e+00
  3.7088673048533501e+01
  3.6678617581545603e+00
  1.2622481315009073e+00
 -8.6997244730363249e+01
  7.6650005411730291e+01
  1.5078310215488841e-01
 -8.1503227133121370e-01
 -3.4835372012311311e-01
  8.3858855372205637e-02
  1.3161483616973956e-02
 -7.5819340821538295e-01
  3.7398238030016316e+01
  8.5045072389562923e-02
 -4.8377033459230424e-02
 -5.3185880181695411e-01
 -2.9168931972818068e-01
 -7.3145956533329093e-01
  1.3402388941674720e-02
  3.0317372213763821e-01
  2.4719831001672363e-01
  4.8884327976103405e-02
  3.4566170384512568e-01
  6.9768163611541167e+00
  5.4673471253601273e-02
  9.5736517090205886e-01
  6.0960912812266910e-01
  8.5405944394035416e-01
  2.5271187224023162e-01
 -2.1738850226957641e+01
 -6.3556508059035877e-01
 -9.9381507825478039e+01
  5.5706009676351034e+00
  6.8686459801315243e+00
  8.3033597829920836e+01
  3.3708240330910341e-02
  2.6052565007445810e-01
  7.5801033216678144e+00
 -5.5061485945875059e+00
  3.4798414765955150e+00
  2.2783982535843079e+00
 -1.7755498105767571e+00
  4.1199029200795945e+00
  2.0077248847145487e-01
  4.9381602192777013e-01
  2.0554584381128529e+00
 -6.4638017136512488e-02
  8.0841295252860945e-01
  9.0736824892120149e-02
  4.7984250865111172e-01
