name: HB/can_24  n: 24 entries: 160
24 0
0
9
15
21
27
33
39
48
57
61
70
76
82
88
94
100
106
110
119
128
137
143
152
156
160
0
5
6
12
13
17
18
19
21
1
8
9
13
14
17
2
6
11
20
21
22
3
7
10
15
18
19
4
7
9
14
15
16
0
5
6
12
13
17
0
2
5
6
11
12
19
21
23
3
4
7
9
14
15
16
17
18
1
8
9
14
1
4
7
8
9
13
14
17
18
3
10
18
19
20
21
2
6
11
12
21
23
0
5
6
11
12
23
0
1
5
9
13
17
1
4
7
8
9
14
3
4
7
15
16
18
4
7
15
16
0
1
5
7
9
13
17
18
19
0
3
7
9
10
15
17
18
19
0
3
6
10
17
18
19
20
21
2
10
19
20
21
22
0
2
6
10
11
19
20
21
22
2
20
21
22
6
11
12
23
1
1
1
1
1
1
1
1
1
1
1
1
1
1
1
1
1
1
1
1
1
1
1
1
1
1
1
1
1
1
1
1
1
1
1
1
1
1
1
1
1
1
1
1
1
1
1
1
1
1
1
1
1
1
1
1
1
1
1
1
1
1
1
1
1
1
1
1
1
1
1
1
1
1
1
1
1
1
1
1
1
1
1
1
1
1
1
1
1
1
1
1
1
1
1
1
1
1
1
1
1
1
1
1
1
1
1
1
1
1
1
1
1
1
1
1
1
1
1
1
1
1
1
1
1
1
1
1
1
1
1
1
1
1
1
1
1
1
1
1
1
1
1
1
1
1
1
1
1
1
1
1
1
1
1
1
1
1
1
1
22
20
10
23
12
5
16
8
14
4
15
7
1
9
13
17
0
2
3
6
11
18
21
19
