name: HB/can_24  n: 24 entries: 188  (jumbled version)
24 1
0
10
16
23
30
37
44
54
67
71
81
89
95
102
108
114
123
128
141
152
161
168
179
183
188
12
6
13
5
17
21
19
0
21
18
14
17
9
8
1
13
2
21
22
21
11
6
20
15
10
18
3
7
19
10
16
9
14
15
7
7
4
6
17
12
0
5
17
13
21
0
6
11
23
6
2
12
5
19
17
15
15
14
7
3
18
16
4
4
9
18
17
8
1
9
14
18
8
14
9
13
17
17
1
7
4
20
20
21
3
19
18
3
10
12
23
11
21
6
2
11
23
5
12
0
23
6
5
0
9
17
13
1
7
1
4
9
14
8
7
15
7
18
15
18
16
4
3
16
4
7
16
15
17
7
5
17
9
0
13
1
19
5
18
7
9
15
0
19
9
7
18
3
7
17
15
10
21
10
3
6
18
19
17
20
0
19
21
2
10
22
10
20
21
19
10
22
11
20
0
0
2
2
6
20
2
21
22
6
12
23
11
12
1
1
1
1
1
0.435191
1
1
1
1
1
1
1
1
1
1
1
0.445161
1
1
1
1
1
1
1
1
1
1
1
0.00496365
1
1
1
1
1
0.215083
1
1
1
1
1
1
0.0801502
1
1
1
1
1
1
0.869867
1
1
1
1
0.436428
1
0.332466
1
1
1
0.367454
1
0.215083
1
1
1
1
1
1
1
1
1
1
1
1
1
0.409378
1
1
1
1
0.132225
1
1
1
1
1
0.00496365
1
1
1
1
1
1
1
1
1
1
1
1
0.483444
1
1
1
1
1
1
1
1
1
1
1
1
1
0.332466
0.23788
1
0.467118
1
1
1
1
1
0.645831
1
1
1
1
1
0.436428
1
0.13701
0.409378
1
1
1
1
0.0801502
1
1
1
1
1
1
1
0.367454
1
1
1
1
0.467118
1
1
1
1
1
1
1
1
1
1
1
1
1
0.132225
1
1
1
1
1
1
1
1
1
1
0.435191
1
0.445161
1
1
1
1
1
1
0.483444
1
1
1
22
20
10
23
12
5
16
8
14
4
15
7
1
9
13
17
0
2
3
6
11
18
21
19
