name: FIDAP/ex5  n: 27 entries: 279
27 0
0
6
18
27
42
51
66
75
87
93
99
111
120
135
144
159
168
180
186
192
204
213
228
237
252
261
273
279
0
1
9
10
18
19
0
1
2
3
9
10
11
12
18
19
20
21
1
2
3
10
11
12
19
20
21
1
2
3
4
5
10
11
12
13
14
19
20
21
22
23
3
4
5
12
13
14
21
22
23
3
4
5
6
7
12
13
14
15
16
21
22
23
24
25
5
6
7
14
15
16
23
24
25
5
6
7
8
14
15
16
17
23
24
25
26
7
8
16
17
25
26
0
1
9
10
18
19
0
1
2
3
9
10
11
12
18
19
20
21
1
2
3
10
11
12
19
20
21
1
2
3
4
5
10
11
12
13
14
19
20
21
22
23
3
4
5
12
13
14
21
22
23
3
4
5
6
7
12
13
14
15
16
21
22
23
24
25
5
6
7
14
15
16
23
24
25
5
6
7
8
14
15
16
17
23
24
25
26
7
8
16
17
25
26
0
1
9
10
18
19
0
1
2
3
9
10
11
12
18
19
20
21
1
2
3
10
11
12
19
20
21
1
2
3
4
5
10
11
12
13
14
19
20
21
22
23
3
4
5
12
13
14
21
22
23
3
4
5
6
7
12
13
14
15
16
21
22
23
24
25
5
6
7
14
15
16
23
24
25
5
6
7
8
14
15
16
17
23
24
25
26
7
8
16
17
25
26
1.03704e+06
259259
-1.18519e+06
-296297
148148
37037.1
259259
296298
259259
-18518.6
-296297
-148149
-296297
-74074
37037.1
-148148
37037.1
92592.6
259259
1.03704e+06
259259
-296297
-1.18519e+06
-296297
37037.1
148148
37037.1
-18518.6
259259
296298
259259
-18518.6
-74074
-296297
-148149
-296297
-74074
92592.6
37037.1
-148148
37037.1
92592.6
259259
1.03704e+06
259259
-296297
-1.18519e+06
-296297
37037.1
148148
37037.1
-18518.6
259259
296298
259259
-18518.6
-74074
-296297
-148149
-296297
-74074
92592.6
37037.1
-148148
37037.1
92592.6
259259
1.03704e+06
259259
-296297
-1.18519e+06
-296297
37037.1
148148
37037.1
-18518.6
259259
296298
259259
-74074
-296297
-148149
-296297
92592.6
37037.1
-148148
37037.1
259259
1.03704e+06
-296297
-1.18519e+06
37037.1
148148
-1.18519e+06
-296297
2.37038e+06
592592
-1.18519e+06
-296297
-296297
-148149
-296297
-74074
592592
296300
592592
148148
-296297
-148149
-296297
-74074
-296297
-1.18519e+06
-296297
592592
2.37038e+06
592592
-296297
-1.18519e+06
-296297
-74074
-296297
-148149
-296297
-74074
148148
592592
296300
592592
148148
-74074
-296297
-148149
-296297
-74074
-296297
-1.18519e+06
-296297
592592
2.37038e+06
592592
-296297
-1.18519e+06
-296297
-74074
-296297
-148149
-296297
-74074
148148
592592
296300
592592
148148
-74074
-296297
-148149
-296297
-74074
-296297
-1.18519e+06
-296297
592592
2.37038e+06
592592
-296297
-1.18519e+06
-296297
-74074
-296297
-148149
-296297
148148
592592
296300
592592
-74074
-296297
-148149
-296297
-296297
-1.18519e+06
592592
2.37038e+06
-296297
-1.18519e+06
148148
37037.1
-1.18519e+06
-296297
1.03704e+06
259259
37037.1
-148148
37037.1
92592.6
-296297
-148149
-296297
-74074
259259
296298
259259
-18518.6
37037.1
148148
37037.1
-296297
-1.18519e+06
-296297
259259
1.03704e+06
259259
92592.6
37037.1
-148148
37037.1
92592.6
-74074
-296297
-148149
-296297
-74074
-18518.6
259259
296298
259259
-18518.6
37037.1
148148
37037.1
-296297
-1.18519e+06
-296297
259259
1.03704e+06
259259
92592.6
37037.1
-148148
37037.1
92592.6
-74074
-296297
-148149
-296297
-74074
-18518.6
259259
296298
259259
-18518.6
37037.1
148148
37037.1
-296297
-1.18519e+06
-296297
259259
1.03704e+06
259259
92592.6
37037.1
-148148
37037.1
-74074
-296297
-148149
-296297
-18518.6
259259
296298
259259
37037.1
148148
-296297
-1.18519e+06
259259
1.03704e+06
8
17
26
0
9
18
1
2
10
11
20
19
3
4
12
13
22
21
5
6
7
14
15
16
24
25
23
