name: FIDAP/ex5  n: 27 entries: 325  (jumbled version)
27 1
0
6
19
31
47
57
76
87
101
109
115
127
139
158
168
186
196
211
217
223
236
247
265
275
293
303
318
325
19
9
10
18
1
0
0
2
12
9
12
3
1
11
21
19
10
18
20
21
1
20
12
2
3
11
12
21
10
11
19
22
20
23
19
21
13
19
10
14
11
3
2
12
4
1
5
13
5
22
4
23
21
14
22
3
12
13
14
7
23
15
4
7
3
24
21
25
16
12
5
6
12
14
6
22
5
16
25
5
23
23
6
14
15
24
7
5
26
24
25
17
8
5
14
16
8
15
23
7
6
25
17
16
26
7
25
8
7
9
1
0
10
19
18
18
9
10
11
19
2
1
21
3
12
20
0
11
12
10
21
19
21
20
1
2
2
20
3
5
2
20
22
12
4
14
2
11
1
5
1
19
13
23
12
3
10
21
14
23
23
5
22
21
13
4
12
3
4
6
24
22
3
16
15
16
21
12
23
21
13
5
25
7
14
5
5
7
16
14
23
6
25
15
25
24
6
14
5
7
26
15
24
26
24
25
17
8
23
14
16
16
8
17
25
26
7
18
1
10
9
19
0
1
12
11
18
3
21
0
19
9
2
10
3
20
11
19
21
20
3
10
2
20
11
1
12
22
11
13
4
14
20
19
11
2
23
1
3
10
21
5
12
2
14
12
3
23
13
21
4
4
14
5
22
6
15
13
23
3
5
24
22
14
16
6
7
25
25
21
4
13
12
7
15
5
24
14
6
16
25
23
16
5
8
6
26
14
23
17
23
15
24
15
7
8
25
16
16
7
25
16
26
17
8
37037.1
-1.18519e+06
-296297
148148
259259
1.03704e+06
259259
259259
-74074
-296297
0.440353
-18518.6
296298
-296297
92592.6
-148148
-148149
37037.1
37037.1
37037.1
259259
148148
-296297
1.03704e+06
259259
0.280408
0.33095
0.483351
-296297
-1.18519e+06
37037.1
37037.1
37037.1
92592.6
92592.6
-148148
-296297
0.293848
-74074
-74074
-296297
296298
259259
-148149
259259
-18518.6
-18518.6
-1.18519e+06
259259
0.0325172
1.03704e+06
37037.1
37037.1
-296297
148148
259259
-296297
-296297
-148149
0.401515
-148148
-296297
259259
-18518.6
-18518.6
37037.1
92592.6
92592.6
-74074
-74074
296298
0.158875
0.22728
0.0651008
259259
37037.1
259259
-296297
37037.1
0.158875
0.333923
37037.1
1.03704e+06
-296297
-1.18519e+06
148148
259259
-18518.6
37037.1
37037.1
-148148
-296297
0.308317
0.401515
-74074
-148149
259259
-296297
92592.6
296298
259259
37037.1
-1.18519e+06
-296297
148148
0.308317
0.255077
1.03704e+06
259259
2.37038e+06
-296297
-1.18519e+06
592592
-296297
-1.18519e+06
-296297
592592
296300
592592
-148149
-296297
-148149
-74074
-74074
148148
-296297
-296297
2.37038e+06
592592
592592
-296297
-296297
0.520633
0.49806
-296297
0.280408
-1.18519e+06
-1.18519e+06
-296297
0.22728
0.33095
-296297
-296297
0.904949
-296297
148148
-296297
592592
0.440353
-74074
-74074
-74074
592592
-74074
296300
-148149
148148
-148149
592592
0.166548
-296297
-296297
-1.18519e+06
-296297
2.37038e+06
-1.18519e+06
592592
-296297
-296297
-296297
-296297
-296297
-74074
0.411059
592592
148148
-74074
148148
-148149
0.238296
592592
-148149
-74074
-74074
296300
0.0651008
-296297
-296297
592592
592592
-296297
-1.18519e+06
-296297
2.37038e+06
0.34257
-1.18519e+06
-296297
0.411059
-74074
-148149
0.610887
592592
0.257604
-296297
-296297
-148149
592592
-296297
-74074
148148
296300
592592
-1.18519e+06
2.37038e+06
-296297
-1.18519e+06
-296297
1.03704e+06
37037.1
-296297
-1.18519e+06
259259
148148
-148148
-74074
-296297
259259
0.293848
-18518.6
37037.1
296298
-296297
37037.1
-148149
92592.6
259259
0.49806
259259
259259
0.0136264
37037.1
-296297
148148
1.03704e+06
-1.18519e+06
37037.1
-296297
259259
0.520633
-296297
37037.1
0.238296
259259
-18518.6
-296297
0.483351
-18518.6
92592.6
-148148
-74074
296298
92592.6
-148149
37037.1
-74074
-296297
37037.1
259259
-1.18519e+06
259259
0.0325172
148148
-296297
37037.1
1.03704e+06
37037.1
-296297
-296297
296298
92592.6
-148148
259259
259259
-148149
-74074
0.333923
92592.6
-18518.6
0.127177
-18518.6
37037.1
0.166548
-74074
37037.1
-1.18519e+06
37037.1
1.03704e+06
-296297
148148
0.257604
259259
259259
-296297
92592.6
37037.1
37037.1
259259
-74074
-18518.6
-296297
0.127177
-296297
259259
0.34257
-148148
0.255077
296298
-148149
0.610887
37037.1
259259
-296297
1.03704e+06
-1.18519e+06
148148
8
17
26
0
9
18
1
2
10
11
20
19
3
4
12
13
22
21
5
6
7
14
15
16
24
25
23
