name: HB/bcsstk01  n: 48 entries: 400
48 0
0
8
16
24
32
40
48
56
64
72
80
88
96
107
119
131
142
154
166
174
182
190
198
206
214
221
226
231
238
243
248
256
264
272
280
288
296
304
312
320
328
336
344
354
363
372
382
391
400
0
4
5
6
10
18
24
29
1
3
5
7
9
19
23
25
2
3
4
8
20
22
26
27
1
2
3
7
9
21
26
27
0
2
4
6
10
20
22
28
0
1
5
11
19
23
24
29
0
4
6
10
11
12
30
35
1
3
7
9
11
13
17
31
2
8
9
10
14
16
32
33
1
3
7
8
9
15
32
33
0
4
6
8
10
14
16
34
5
6
7
11
13
17
30
35
6
12
16
17
18
22
36
41
42
46
47
7
11
13
14
15
17
19
21
37
43
44
45
8
10
13
14
15
16
20
38
39
43
44
45
9
13
14
15
19
21
38
39
43
44
45
8
10
12
14
16
17
18
22
40
42
46
47
7
11
12
13
16
17
23
36
41
42
46
47
0
12
16
18
22
23
42
47
1
5
13
15
19
21
23
43
2
4
14
20
21
22
44
45
3
13
15
19
20
21
44
45
2
4
12
16
18
20
22
46
1
5
17
18
19
23
42
47
0
5
24
28
29
30
34
1
25
27
31
33
2
3
26
27
32
2
3
25
26
27
31
33
4
24
28
30
34
0
5
24
29
35
6
11
24
28
30
34
35
36
7
25
27
31
33
35
37
41
8
9
26
32
33
34
38
40
8
9
25
27
31
32
33
39
10
24
28
30
32
34
38
40
6
11
29
30
31
35
37
41
12
17
30
36
40
41
42
46
13
31
35
37
39
41
43
45
14
15
32
34
38
39
40
44
14
15
33
37
38
39
43
45
16
32
34
36
38
40
42
46
12
17
31
35
36
37
41
47
12
16
17
18
23
36
40
42
46
47
13
14
15
19
37
39
43
44
45
13
14
15
20
21
38
43
44
45
13
14
15
20
21
37
39
43
44
45
12
16
17
22
36
40
42
46
47
12
16
17
18
23
41
42
46
47
2.83227e+06
1e+06
2.08333e+06
-3333.33
1e+06
-2.8e+06
-28935.2
2.08333e+06
1.63545e+06
-2e+06
5.55556e+06
-6666.67
-2e+06
-30864.2
5.55556e+06
-1.59792e+06
1.72437e+06
-2.08333e+06
-2.77778e+06
-1.68e+06
-15432.1
-2.77778e+06
-28935.2
-2.08333e+06
-2e+06
-2.08333e+06
1.00333e+09
2e+06
4e+08
-3.33333e+06
2.08333e+06
1e+08
1e+06
-2.77778e+06
1.0675e+09
-1e+06
2e+08
2.77778e+06
3.33333e+08
-833333
2.08333e+06
5.55556e+06
1.53533e+09
-2e+06
-5.55556e+06
6.66667e+08
-2.08333e+06
1e+08
-3333.33
-1e+06
2.83227e+06
-1e+06
2.08333e+06
-2.8e+06
-28935.2
2.08333e+06
-6666.67
2e+06
1.63545e+06
2e+06
5.55556e+06
-30864.2
5.55556e+06
-1.59792e+06
-1.68e+06
1.72437e+06
-2.08333e+06
-2.77778e+06
-15432.1
-2.77778e+06
-28935.2
-2.08333e+06
-2e+06
4e+08
2e+06
-2.08333e+06
1.00333e+09
-3.33333e+06
2.08333e+06
1e+08
1e+06
2e+08
-1e+06
-2.77778e+06
1.0675e+09
2.77778e+06
3.33333e+08
-833333
-2e+06
2.08333e+06
5.55556e+06
1.53533e+09
-5.55556e+06
6.66667e+08
-2.08333e+06
1e+08
-2.8e+06
2.8361e+06
-2.14929e+06
2.35916e+06
-3333.33
-1e+06
-28935.2
2.08333e+06
-3830.95
-1.14929e+06
275828
-30864.2
-5.55556e+06
1.76741e+06
517922
4.29857e+06
-5.55556e+06
-6666.67
2e+06
-1.59792e+06
-131963
-517922
2.29857e+06
-15432.1
2.77778e+06
517922
3.89004e+06
-2.63499e+06
2.77778e+06
-1.68e+06
-28935.2
-2.08333e+06
-517922
-2.16567e+06
-551657
-3.33333e+06
4.29857e+06
-2.63499e+06
1.97572e+09
-2e+06
4e+08
2.08333e+06
1e+08
-2.29857e+06
551657
4.86194e+08
-2.77778e+06
3.33333e+08
-2.14929e+06
2.77778e+06
1.52735e+09
-1.0978e+08
1e+06
2e+08
-833333
1.14929e+06
2.29725e+08
-5.57174e+07
5.55556e+06
6.66667e+08
2.35916e+06
-5.55556e+06
-1.0978e+08
1.56411e+09
-2e+06
-2.08333e+06
1e+08
-275828
-5.57174e+07
1.09412e+07
-2.8e+06
-3333.33
1e+06
2.83227e+06
1e+06
2.08333e+06
-28935.2
2.08333e+06
-30864.2
-5.55556e+06
-6666.67
-2e+06
1.63545e+06
-2e+06
-5.55556e+06
-1.59792e+06
-15432.1
2.77778e+06
-1.68e+06
1.72437e+06
-2.08333e+06
2.77778e+06
-28935.2
-2.08333e+06
-3.33333e+06
2e+06
4e+08
-2e+06
-2.08333e+06
1.00333e+09
2.08333e+06
1e+08
-2.77778e+06
3.33333e+08
-1e+06
2e+08
1e+06
2.77778e+06
1.0675e+09
-833333
5.55556e+06
6.66667e+08
-2e+06
2.08333e+06
-5.55556e+06
1.53533e+09
-2.08333e+06
1e+08
-28935.2
-2.08333e+06
60879.6
1.25e+06
416667
-4166.67
1.25e+06
-1.59792e+06
3.37292e+06
-2.5e+06
-8333.33
-2.5e+06
-28935.2
2.08333e+06
2.41171e+06
-416667
-2.355e+06
-2.08333e+06
1e+08
-2.5e+06
-416667
1.5e+09
2.5e+06
5e+08
-833333
1.25e+06
5.01833e+08
-1.25e+06
2.5e+08
2.08333e+06
1e+08
416667
5.025e+08
-2.5e+06
-28935.2
-2.08333e+06
-4166.67
-1.25e+06
3.98588e+06
-1.25e+06
416667
-3.925e+06
-1.59792e+06
-8333.33
2.5e+06
3.4115e+06
2.5e+06
6.94444e+06
-38580.2
6.94444e+06
-28935.2
2.08333e+06
-2.355e+06
2.431e+06
-416667
-3.47222e+06
-19290.1
-3.47222e+06
-2.08333e+06
1e+08
-2.5e+06
5e+08
2.5e+06
-416667
1.50417e+09
-4.16667e+06
-833333
1.25e+06
2.5e+08
-1.25e+06
-3.47222e+06
1.33517e+09
3.47222e+06
4.16667e+08
2.08333e+06
1e+08
-2.5e+06
416667
6.94444e+06
2.16917e+09
-6.94444e+06
8.33333e+08
-28935.2
-2.08333e+06
-3.925e+06
3.98588e+06
-1.25e+06
416667
-4166.67
-1.25e+06
-1.59792e+06
-38580.2
-6.94444e+06
3.4115e+06
2.5e+06
-6.94444e+06
-8333.33
2.5e+06
-28935.2
2.08333e+06
-19290.1
3.47222e+06
2.431e+06
-416667
3.47222e+06
-2.355e+06
-2.08333e+06
1e+08
-4.16667e+06
2.5e+06
-416667
1.50417e+09
-2.5e+06
5e+08
-833333
-3.47222e+06
4.16667e+08
-1.25e+06
3.47222e+06
1.33517e+09
1.25e+06
2.5e+08
2.08333e+06
1e+08
6.94444e+06
8.33333e+08
416667
-6.94444e+06
2.16917e+09
-2.5e+06
-3830.95
1.14929e+06
-275828
-28935.2
-2.08333e+06
-4166.67
1.25e+06
64710.6
2.39929e+06
140838
-131963
-517922
-2.29857e+06
-1.59792e+06
-8333.33
-2.5e+06
3.50488e+06
517922
-4.79857e+06
-517922
-2.16567e+06
551657
-28935.2
2.08333e+06
-2.355e+06
517922
4.57738e+06
134990
2.29857e+06
-551657
4.86194e+08
-2.08333e+06
1e+08
2.5e+06
5e+08
-4.79857e+06
134990
2.47239e+09
-1.14929e+06
2.29725e+08
-5.57174e+07
-833333
-1.25e+06
2.5e+08
2.39929e+06
9.6168e+08
-1.0978e+08
275828
-5.57174e+07
1.09412e+07
2.08333e+06
1e+08
-2.5e+06
140838
-1.0978e+08
5.31278e+08
25
26
27
9
39
21
44
45
43
15
3
33
41
11
28
29
24
10
0
30
6
23
22
40
46
42
4
16
18
34
5
1
2
8
12
13
14
17
19
20
31
32
35
36
37
38
47
7
