name: HB/bcsstk01  n: 48 entries: 472  (jumbled version)
48 1
0
9
18
29
40
50
58
67
77
87
98
106
114
128
142
154
166
181
195
203
213
222
235
244
252
261
266
272
282
289
294
304
316
325
336
344
353
363
372
382
391
401
410
420
430
441
452
462
472
18
5
0
10
24
0
29
4
6
9
3
7
19
5
1
25
23
19
3
26
4
27
4
22
2
27
20
3
8
2
7
26
21
27
9
1
21
3
26
2
28
28
4
22
10
6
2
0
20
2
29
24
0
11
19
5
1
23
30
12
6
4
30
0
10
35
11
17
11
13
31
9
3
7
1
9
31
14
32
9
33
9
8
16
16
10
2
3
32
15
8
8
33
33
7
7
1
9
8
4
14
0
16
34
10
6
7
13
35
30
6
5
11
17
17
36
12
6
17
16
12
22
41
42
46
47
16
18
11
21
14
15
17
44
21
37
13
7
45
43
19
43
38
15
16
44
45
13
8
43
20
14
10
39
13
9
14
38
45
39
21
19
44
15
44
43
42
22
8
22
46
16
40
14
12
17
10
8
47
18
12
36
12
46
42
16
47
41
12
17
11
7
36
13
23
22
42
47
12
23
0
18
16
21
5
1
13
43
21
19
23
15
1
21
45
21
4
14
20
22
44
2
3
20
13
3
20
45
19
15
19
44
44
21
13
18
4
16
46
22
2
20
16
12
17
19
23
47
5
42
18
1
28
0
5
30
28
30
34
29
24
27
1
31
33
25
3
3
27
32
26
2
2
26
33
25
31
31
3
27
33
2
24
4
28
34
4
30
24
0
5
35
29
24
36
24
6
11
34
30
35
6
28
24
25
31
35
41
35
41
7
33
27
7
37
27
26
38
32
34
40
8
9
33
38
32
33
27
31
39
9
27
9
8
39
25
34
24
40
32
28
30
10
38
35
6
30
11
31
29
41
37
31
46
36
40
12
40
30
17
41
17
42
35
45
45
31
43
37
39
41
13
44
15
32
34
38
39
14
32
40
40
15
38
14
45
39
33
37
43
33
46
40
42
38
34
36
32
38
16
36
37
47
36
31
41
31
12
17
35
23
46
40
42
47
18
16
36
17
12
19
43
39
44
14
37
13
13
45
15
38
13
45
21
20
15
43
21
44
15
14
39
43
14
15
20
37
37
44
21
13
45
47
16
46
47
40
17
12
36
22
42
47
46
17
16
23
42
46
18
41
12
-2.8e+06
2.08333e+06
0.437734
1e+06
-28935.2
2.83227e+06
2.08333e+06
1e+06
-3333.33
-2e+06
-2e+06
-6666.67
0.156277
5.55556e+06
1.63545e+06
-1.59792e+06
5.55556e+06
-30864.2
-2.08333e+06
-28935.2
-2.77778e+06
0.0553259
0.317221
-2.77778e+06
1.72437e+06
-2.08333e+06
-15432.1
0.10277
-1.68e+06
0.10277
2e+06
2.08333e+06
-3.33333e+06
1e+08
4e+08
-2e+06
0.591763
1.00333e+09
0.0184915
-2.08333e+06
0.295898
-833333
1.0675e+09
3.33333e+08
2e+08
-1e+06
-2.77778e+06
1e+06
2.77778e+06
0.317221
1e+08
-2.08333e+06
2.08333e+06
-2e+06
-5.55556e+06
1.53533e+09
5.55556e+06
6.66667e+08
0.163355
-2.8e+06
2.83227e+06
-1e+06
-28935.2
-3333.33
-1e+06
2.08333e+06
2.08333e+06
5.55556e+06
5.55556e+06
-30864.2
0.394396
0.159583
2e+06
1.63545e+06
-6666.67
2e+06
-1.59792e+06
-15432.1
-28935.2
0.158939
-2.08333e+06
-2.08333e+06
1.72437e+06
-2.77778e+06
0.358447
-2.77778e+06
-1.68e+06
4e+08
2.08333e+06
-3.33333e+06
0.158939
-2.08333e+06
0.182244
1e+08
2e+06
0.159583
-2e+06
1.00333e+09
-2.77778e+06
2e+08
2.77778e+06
1e+06
3.33333e+08
-833333
1.0675e+09
-1e+06
5.55556e+06
-5.55556e+06
1e+08
-2.08333e+06
2.08333e+06
-2e+06
1.53533e+09
6.66667e+08
2.35916e+06
-28935.2
2.8361e+06
-2.8e+06
0.0962234
0.489896
0.0971951
-1e+06
2.08333e+06
-3830.95
-1.14929e+06
275828
-2.14929e+06
-3333.33
-5.55556e+06
0.447277
517922
4.29857e+06
-5.55556e+06
-517922
2e+06
-1.59792e+06
1.76741e+06
-30864.2
2.29857e+06
0.321655
-6666.67
-131963
-28935.2
-2.63499e+06
2.77778e+06
-2.16567e+06
-551657
517922
-15432.1
-517922
-1.68e+06
3.89004e+06
2.77778e+06
-2.08333e+06
4.29857e+06
-3.33333e+06
-2.63499e+06
2.08333e+06
4.86194e+08
1e+08
4e+08
-2e+06
551657
1.97572e+09
0.481793
-2.29857e+06
1.14929e+06
0.0572546
-2.77778e+06
2e+08
2.29725e+08
1.52735e+09
-833333
2.77778e+06
-2.14929e+06
-1.0978e+08
3.33333e+08
0.358447
-5.57174e+07
1e+06
0.489896
-2.08333e+06
0.0962234
-5.57174e+07
-275828
-1.0978e+08
1.09412e+07
1e+08
2.35916e+06
1.56411e+09
6.66667e+08
5.55556e+06
0.293721
-5.55556e+06
-2e+06
1e+06
-28935.2
2.08333e+06
-3333.33
2.08333e+06
-2.8e+06
2.83227e+06
1e+06
-2e+06
-5.55556e+06
0.156277
-6666.67
-1.59792e+06
0.422995
1.63545e+06
-5.55556e+06
-2e+06
-30864.2
-2.08333e+06
-2.08333e+06
0.268792
2.77778e+06
-1.68e+06
1.72437e+06
2.77778e+06
-28935.2
-15432.1
0.591763
0.268792
0.447277
-3.33333e+06
-2.08333e+06
1e+08
0.422995
4e+08
-2e+06
0.391284
2.08333e+06
1.00333e+09
2e+06
1e+06
3.33333e+08
2e+08
-833333
1.0675e+09
-2.77778e+06
2.77778e+06
0.0572546
-1e+06
-2e+06
-5.55556e+06
1.53533e+09
1e+08
6.66667e+08
-2.08333e+06
2.08333e+06
5.55556e+06
1.25e+06
-28935.2
-2.08333e+06
-4166.67
0.165025
0.116139
1.25e+06
416667
60879.6
-2.5e+06
-1.59792e+06
-8333.33
-2.5e+06
3.37292e+06
2.08333e+06
0.0184915
-416667
-2.355e+06
2.41171e+06
-28935.2
0.0553259
-416667
0.146524
-2.5e+06
0.117318
2.5e+06
1e+08
1.5e+09
5e+08
-2.08333e+06
0.165025
0.295898
5.01833e+08
2.5e+08
-833333
-1.25e+06
1.25e+06
2.08333e+06
1e+08
-2.5e+06
5.025e+08
416667
-3.925e+06
0.116139
0.163355
-2.08333e+06
-1.25e+06
3.98588e+06
416667
-28935.2
-1.25e+06
-4166.67
-8333.33
3.4115e+06
6.94444e+06
0.339354
0.310927
6.94444e+06
-1.59792e+06
2.5e+06
0.117318
0.394396
-38580.2
2.5e+06
-2.355e+06
-19290.1
2.431e+06
-3.47222e+06
-3.47222e+06
-28935.2
2.08333e+06
-416667
0.947466
-416667
1.50417e+09
0.146524
2.5e+06
0.233241
0.182244
5e+08
1e+08
-2.08333e+06
-4.16667e+06
-2.5e+06
1.33517e+09
1.25e+06
4.16667e+08
-3.47222e+06
2.5e+08
-1.25e+06
-833333
3.47222e+06
2.16917e+09
2.08333e+06
416667
1e+08
6.94444e+06
-2.5e+06
8.33333e+08
-6.94444e+06
0.310927
-1.25e+06
3.98588e+06
0.40864
-28935.2
-1.25e+06
-3.925e+06
-2.08333e+06
416667
0.293721
-4166.67
-6.94444e+06
0.462092
2.5e+06
-38580.2
-8333.33
3.4115e+06
2.5e+06
-6.94444e+06
-1.59792e+06
-2.355e+06
2.08333e+06
0.947466
3.47222e+06
2.431e+06
-416667
-28935.2
-19290.1
3.47222e+06
0.369374
1e+08
-416667
-2.08333e+06
5e+08
1.50417e+09
-4.16667e+06
2.5e+06
-2.5e+06
0.233241
2.5e+08
1.33517e+09
1.25e+06
3.47222e+06
4.16667e+08
-1.25e+06
-3.47222e+06
0.369374
-833333
0.40864
-6.94444e+06
-2.5e+06
416667
6.94444e+06
2.16917e+09
0.339354
2.08333e+06
1e+08
8.33333e+08
-2.08333e+06
2.39929e+06
1.25e+06
64710.6
140838
-28935.2
1.14929e+06
-4166.67
-275828
-3830.95
-1.59792e+06
3.50488e+06
-2.5e+06
517922
-517922
-8333.33
-131963
0.321655
-4.79857e+06
-2.29857e+06
-2.355e+06
-517922
134990
0.391284
-28935.2
0.481793
517922
2.08333e+06
4.57738e+06
551657
-2.16567e+06
5e+08
-4.79857e+06
-551657
4.86194e+08
-2.08333e+06
2.5e+06
0.462092
134990
1e+08
2.29857e+06
2.47239e+09
0.329891
2.29725e+08
9.6168e+08
-1.0978e+08
2.5e+08
-5.57174e+07
-1.14929e+06
-1.25e+06
-833333
2.39929e+06
5.31278e+08
-1.0978e+08
1.09412e+07
-5.57174e+07
1e+08
140838
0.329891
2.08333e+06
-2.5e+06
275828
25
26
27
9
39
21
44
45
43
15
3
33
41
11
28
29
24
10
0
30
6
23
22
40
46
42
4
16
18
34
5
1
2
8
12
13
14
17
19
20
31
32
35
36
37
38
47
7
