name: Pothen/mesh1e1  n: 48 entries: 306
48 0
0
5
12
16
22
26
32
36
42
49
54
61
68
73
79
84
90
96
103
109
117
123
131
138
144
150
158
164
171
178
184
190
197
204
211
218
224
232
238
245
251
258
266
272
279
287
294
301
306
0
1
7
44
47
0
1
2
41
42
45
47
1
2
3
45
2
3
4
36
43
45
3
4
5
43
4
5
6
40
43
46
5
6
7
46
0
6
7
34
44
46
8
9
14
17
22
29
30
8
9
10
20
22
9
10
11
20
23
24
26
10
11
12
26
33
35
37
11
12
13
18
33
12
13
14
15
16
18
8
13
14
15
17
13
14
15
16
17
19
13
15
16
18
19
21
8
14
15
17
19
30
39
12
13
16
18
21
33
15
16
17
19
21
39
41
42
9
10
20
22
23
27
16
18
19
21
33
36
42
45
8
9
20
22
27
29
32
10
20
23
24
25
27
10
23
24
25
26
28
23
24
25
27
28
34
40
46
10
11
24
26
28
37
20
22
23
25
27
32
34
24
25
26
28
37
38
40
8
22
29
30
31
32
8
17
29
30
31
39
29
30
31
32
39
41
44
22
27
29
31
32
34
44
11
12
18
21
33
35
36
7
25
27
32
34
44
46
11
33
35
36
37
38
3
21
33
35
36
38
43
45
11
26
28
35
37
38
28
35
36
37
38
40
43
17
19
30
31
39
41
5
25
28
38
40
43
46
1
19
31
39
41
42
44
47
1
19
21
41
42
45
3
4
5
36
38
40
43
0
7
31
32
34
41
44
47
1
2
3
21
36
42
45
5
6
7
25
34
40
46
0
1
41
44
47
2.97757
-0.405002
0.156027
0.210025
1.20651
-0.405002
4.05851
0.216812
0.182615
0.638841
0.334952
1.28029
0.216812
2.12411
-0.0801154
0.827181
-0.0801154
3.0314
0.225935
0.58612
0.508613
0.630613
0.225935
2.10771
-0.0767794
0.804992
-0.0767794
3.07853
0.20558
0.712866
0.564706
0.518599
0.20558
2.09489
-0.0682339
0.821071
0.156027
-0.0682339
3.12635
0.648631
0.785688
0.467767
3.71365
0.0804484
0.0319802
0.576484
0.745579
0.652559
0.626599
0.0804484
3.00024
0.277821
1.21013
0.43184
0.277821
4.94357
-0.342455
0.309926
0.72918
1.17578
1.1084
-0.342455
5.01532
0.382281
0.83075
0.126147
1.10301
1.23069
0.382281
2.84056
0.139618
0.405272
0.913387
0.139618
4.11278
0.564372
0.231253
0.686969
1.49057
0.0319802
0.564372
3.09088
1.03355
0.460981
0.231253
1.03355
5.17655
1.43119
0.931275
0.549274
0.686969
1.43119
5.37487
0.680945
0.538425
1.03734
0.576484
0.460981
0.931275
4.71344
0.473941
0.694966
0.575795
0.405272
1.49057
0.680945
5.53917
0.77629
1.18609
0.549274
0.538425
0.473941
5.00599
0.434392
1.03075
0.197977
0.781231
1.21013
0.309926
4.96278
0.575195
1.12812
0.739411
1.03734
0.77629
0.434392
5.31945
0.340036
0.579572
0.462808
0.689014
0.745579
0.43184
0.575195
4.77471
0.928992
0.725312
0.367796
0.72918
1.12812
5.10028
0.727205
0.958298
0.557475
1.17578
0.727205
5.38101
0.822331
0.541164
1.11452
0.958298
0.822331
5.38342
0.746836
0.232295
0.301369
0.586612
0.735675
1.1084
0.83075
0.541164
5.41981
1.06827
0.871223
0.739411
0.928992
0.557475
0.746836
5.21091
0.469623
0.768575
1.11452
0.232295
1.06827
5.40175
0.587584
0.46828
0.930797
0.652559
0.725312
4.83636
1.06091
0.492282
0.90529
0.626599
0.694966
1.06091
4.77845
0.506239
0.889729
0.492282
0.506239
5.17327
0.988156
0.911091
0.667618
0.607887
0.367796
0.469623
0.90529
0.988156
5.16295
1.04802
0.384062
0.126147
0.913387
1.18609
0.340036
5.31264
1.0098
0.737174
0.648631
0.301369
0.768575
1.04802
5.2574
0.587907
0.902901
1.10301
1.0098
5.42794
0.751991
0.351124
1.21202
0.58612
0.579572
0.737174
0.751991
5.21087
0.292738
0.699639
0.563635
1.23069
0.871223
0.587584
0.351124
5.13196
1.09135
0.46828
1.21202
0.292738
1.09135
5.53358
0.587688
0.881508
0.575795
1.03075
0.889729
0.911091
5.09571
0.688341
0.712866
0.586612
0.930797
0.587688
5.13316
0.65952
0.655675
0.182615
0.197977
0.667618
0.688341
5.2111
1.17521
0.168889
1.13045
0.638841
0.781231
0.462808
1.17521
5.24342
1.18532
0.508613
0.804992
0.564706
0.699639
0.881508
0.65952
5.11898
0.210025
0.785688
0.607887
0.384062
0.587907
0.168889
5.09565
1.35119
0.334952
0.827181
0.630613
0.689014
0.563635
1.18532
5.23072
0.518599
0.821071
0.467767
0.735675
0.902901
0.655675
5.10169
1.20651
1.28029
1.13045
1.35119
5.96844
2
45
42
47
0
44
14
15
12
18
13
16
29
39
30
17
9
20
24
23
10
27
37
35
4
43
6
46
5
40
38
25
28
26
8
11
22
33
1
3
7
19
21
31
32
34
41
36
