name: Pothen/mesh1e1  n: 48 entries: 359  (jumbled version)
48 1
0
6
14
19
27
31
37
42
50
58
66
74
82
88
94
99
106
114
121
129
139
147
157
166
173
179
187
193
202
211
217
224
232
243
250
259
266
274
282
290
297
305
313
320
328
337
344
351
359
44
7
47
0
7
1
41
2
0
1
47
45
47
42
45
2
1
3
3
2
4
43
2
43
45
36
3
4
5
3
43
43
5
4
40
46
6
7
6
5
46
7
7
6
44
0
46
0
6
34
9
22
14
8
29
17
30
9
22
10
8
9
20
22
20
8
24
26
20
9
10
23
11
11
10
37
10
35
26
11
33
12
33
13
11
12
18
18
15
16
14
18
12
13
13
15
8
17
14
17
19
13
15
16
14
16
15
16
18
21
13
15
19
16
17
14
30
15
8
19
39
16
18
21
12
33
13
21
12
17
39
21
19
21
42
16
15
41
42
27
10
9
9
23
22
20
23
42
33
19
36
16
19
21
18
18
45
20
32
9
22
9
29
27
8
32
20
24
25
27
10
23
20
28
10
23
24
26
25
46
27
23
25
34
24
40
28
11
37
10
28
24
26
32
34
23
25
22
34
27
20
32
38
26
37
37
38
28
25
24
40
30
8
29
32
31
22
30
31
8
17
39
29
31
30
30
29
31
44
32
39
41
34
32
31
32
22
34
29
27
44
22
27
36
33
35
18
21
12
11
34
44
32
27
27
46
25
32
7
38
33
35
11
36
37
35
35
43
3
33
36
38
45
21
35
38
26
28
28
11
37
37
36
35
28
28
38
37
40
43
17
41
30
31
39
39
19
25
5
40
28
46
38
43
40
39
47
44
41
31
42
19
1
19
19
1
45
41
21
42
38
3
43
3
36
40
5
4
31
7
0
47
47
41
44
34
32
42
1
3
36
21
2
45
46
34
6
40
25
5
7
0
41
47
47
44
1
1
44
0.210025
0.355287
1.20651
2.97757
0.156027
-0.405002
0.182615
0.216812
-0.405002
4.05851
1.28029
0.334952
0.0241885
0.638841
0.827181
2.12411
0.216812
0.418053
-0.0801154
-0.0801154
0.225935
0.508613
0.418053
0.176586
0.630613
0.58612
3.0314
2.10771
-0.0767794
0.225935
0.804992
0.564706
3.07853
-0.0767794
0.712866
0.518599
0.20558
0.397089
2.09489
0.20558
0.821071
-0.0682339
3.12635
-0.0682339
0.785688
0.355287
0.467767
0.156027
0.397089
0.648631
0.0336413
0.745579
0.0319802
3.71365
0.652559
0.576484
0.626599
0.0804484
0.43184
0.277821
0.0804484
3.00024
1.21013
0.407516
0.230467
0.0336413
1.17578
1.1084
0.309926
0.277821
4.94357
0.72918
0.246908
-0.342455
0.246908
1.23069
-0.342455
1.10301
0.83075
5.01532
0.126147
0.382281
0.913387
0.139618
0.382281
2.84056
0.244532
0.405272
0.231253
0.686969
0.564372
1.49057
0.139618
4.11278
0.564372
1.03355
0.0319802
0.460981
3.09088
0.931275
0.549274
0.231253
5.17655
0.306724
1.03355
1.43119
0.306724
0.491744
0.680945
1.03734
0.686969
1.43119
0.538425
5.37487
4.71344
0.460981
0.694966
0.931275
0.576484
0.473941
0.575795
0.680945
5.53917
0.248088
0.405272
1.18609
1.49057
0.77629
0.244532
0.473941
1.03075
0.434392
5.00599
0.187041
0.781231
0.538425
0.549274
0.197977
0.00546209
0.739411
0.309926
1.21013
0.230467
1.12812
0.575195
4.96278
0.0991541
0.462808
0.340036
0.187041
0.579572
1.03734
0.434392
5.31945
0.77629
0.248088
0.689014
0.575195
0.00218642
0.407516
4.77471
0.43184
0.725312
0.928992
0.745579
0.367796
0.0991541
0.727205
0.958298
0.557475
0.72918
5.10028
1.12812
1.11452
1.17578
0.727205
5.38101
0.541164
0.822331
0.735675
0.746836
0.958298
5.38342
0.301369
0.822331
0.586612
0.232295
0.83075
0.871223
1.1084
1.06827
0.541164
5.41981
0.469623
0.768575
0.557475
0.746836
0.928992
0.170003
5.21091
0.739411
0.145845
0.257947
1.06827
0.587584
0.155089
0.46828
5.40175
0.232295
1.11452
0.930797
1.06091
0.652559
4.83636
0.90529
0.492282
0.725312
4.77845
0.408389
0.626599
0.694966
0.889729
1.06091
0.506239
0.506239
0.408389
0.492282
5.17327
0.607887
0.988156
0.911091
0.667618
1.04802
5.16295
0.988156
0.985062
0.367796
0.250634
0.90529
0.145845
0.384062
0.00218642
0.469623
0.737174
5.31264
1.0098
1.18609
0.340036
0.913387
0.126147
5.2574
0.587907
0.250634
0.170003
0.768575
0.902901
0.301369
1.04802
0.648631
1.21202
1.0098
0.695714
1.10301
0.751991
0.351124
5.42794
0.751991
0.699639
0.58612
0.737174
5.21087
0.292738
0.563635
0.579572
0.351124
1.09135
0.871223
0.155089
0.587584
1.23069
5.13196
0.834412
0.292738
1.21202
0.257947
0.46828
5.53358
1.09135
0.587688
0.881508
0.575795
0.688341
0.889729
0.911091
0.73146
5.09571
1.03075
0.586612
0.712866
0.621992
0.930797
0.655675
0.587688
0.65952
5.13316
0.688341
1.13045
0.168889
5.2111
0.667618
1.17521
0.197977
0.182615
0.00546209
0.781231
0.638841
1.18532
1.17521
0.462808
5.24342
0.881508
0.176586
5.11898
0.508613
0.699639
0.65952
0.564706
0.804992
0.607887
0.785688
0.210025
1.35119
0.390013
0.168889
5.09565
0.587907
0.384062
1.18532
0.334952
0.630613
0.563635
0.689014
0.827181
5.23072
5.10169
0.902901
0.821071
0.655675
0.735675
0.518599
0.467767
1.20651
1.13045
0.0137927
5.96844
0.390013
0.0241885
1.28029
1.35119
2
45
42
47
0
44
14
15
12
18
13
16
29
39
30
17
9
20
24
23
10
27
37
35
4
43
6
46
5
40
38
25
28
26
8
11
22
33
1
3
7
19
21
31
32
34
41
36
