name: Bai/bfwb62  n: 62 entries: 342
62 0
0
4
9
19
26
33
41
54
61
69
76
86
93
98
102
104
109
114
116
122
127
132
137
142
147
151
157
162
166
170
177
182
189
194
201
206
213
218
225
230
234
238
245
250
256
261
268
273
280
285
291
296
300
304
309
314
318
323
328
333
338
340
342
0
3
19
23
1
2
5
20
29
1
2
4
5
6
15
27
28
31
35
0
3
7
16
24
32
36
2
4
6
8
22
33
37
1
2
5
6
9
18
33
41
2
4
5
6
8
9
10
25
29
39
40
43
47
3
7
11
26
30
44
48
4
6
8
10
12
35
45
49
5
6
9
10
31
45
53
6
8
9
10
12
37
41
51
52
58
7
11
13
38
42
55
59
8
10
12
47
56
11
13
50
54
14
15
2
14
15
18
20
3
16
17
19
21
16
17
5
15
18
20
28
29
0
16
19
21
30
1
15
18
20
22
16
19
21
23
24
4
20
22
25
27
0
21
23
24
26
3
21
23
24
6
22
25
27
33
35
7
23
26
34
36
2
22
25
27
2
18
28
29
1
6
18
28
29
31
33
7
19
30
32
34
2
9
29
31
33
40
41
3
30
32
34
42
4
5
25
29
31
33
35
26
30
32
34
36
2
8
25
33
35
37
39
3
26
34
36
38
4
10
35
37
39
45
47
11
36
38
46
48
6
35
37
39
6
31
40
41
5
10
31
40
41
43
45
11
32
42
44
46
6
41
43
45
52
53
7
42
44
46
54
8
9
37
41
43
45
47
38
42
44
46
48
6
12
37
45
47
49
51
7
38
46
48
50
8
47
49
51
56
58
13
48
50
57
59
10
47
49
51
10
43
52
53
9
43
52
53
56
13
44
54
55
57
11
54
55
57
12
49
53
56
58
50
54
55
57
59
10
49
56
58
61
11
50
57
59
60
59
60
58
61
-1.14796e-05
1.27551e-06
2.55102e-06
2.55102e-06
-1.14796e-05
1.27551e-06
6.37755e-07
2.55102e-06
2.55102e-06
1.27551e-06
-2.29592e-05
1.27551e-06
1.27551e-06
1.27551e-06
2.55102e-06
2.55102e-06
2.55102e-06
2.55102e-06
2.55102e-06
1.27551e-06
-2.29592e-05
1.27551e-06
2.55102e-06
2.55102e-06
2.55102e-06
2.55102e-06
1.27551e-06
-1.14796e-05
1.27551e-06
6.37755e-07
2.55102e-06
2.55102e-06
2.55102e-06
6.37755e-07
1.27551e-06
-1.70281e-05
2.20026e-06
1.5625e-06
2.55102e-06
2.55102e-06
6.25e-06
1.27551e-06
1.27551e-06
2.20026e-06
-3.96046e-05
2.20026e-06
3.125e-06
3.125e-06
2.55102e-06
2.55102e-06
2.55102e-06
6.25e-06
6.25e-06
6.25e-06
1.27551e-06
-3.96046e-05
3.125e-06
2.55102e-06
2.55102e-06
6.25e-06
6.25e-06
6.37755e-07
2.20026e-06
-2.25765e-05
3.125e-06
1.5625e-06
2.55102e-06
6.25e-06
6.25e-06
1.5625e-06
3.125e-06
-2.8125e-05
3.125e-06
6.25e-06
6.25e-06
6.25e-06
3.125e-06
3.125e-06
3.125e-06
-5.625e-05
3.125e-06
6.25e-06
6.25e-06
6.25e-06
6.25e-06
6.25e-06
3.125e-06
-5.625e-05
3.125e-06
6.25e-06
6.25e-06
6.25e-06
6.25e-06
1.5625e-06
3.125e-06
-2.8125e-05
6.25e-06
6.25e-06
3.125e-06
-2.8125e-05
6.25e-06
6.25e-06
-2.04082e-05
-1.02041e-05
2.55102e-06
-1.02041e-05
-4.08163e-05
-1.02041e-05
-1.02041e-05
2.55102e-06
-4.08163e-05
-1.02041e-05
-1.02041e-05
-1.02041e-05
-1.02041e-05
-2.04082e-05
2.55102e-06
-1.02041e-05
-4.08163e-05
-1.02041e-05
-1.02041e-05
-1.02041e-05
2.55102e-06
-1.02041e-05
-4.08163e-05
-1.02041e-05
-1.02041e-05
2.55102e-06
-1.02041e-05
-1.02041e-05
-4.08163e-05
-1.02041e-05
-1.02041e-05
-1.02041e-05
-4.08163e-05
-1.02041e-05
-1.02041e-05
2.55102e-06
-1.02041e-05
-4.08163e-05
-1.02041e-05
-1.02041e-05
2.55102e-06
-1.02041e-05
-4.08163e-05
-1.02041e-05
-1.02041e-05
2.55102e-06
-1.02041e-05
-1.02041e-05
-2.04082e-05
2.55102e-06
-1.02041e-05
-4.08163e-05
-1.02041e-05
-1.02041e-05
-1.02041e-05
2.55102e-06
-1.02041e-05
-4.08163e-05
-1.02041e-05
-1.02041e-05
2.55102e-06
-1.02041e-05
-1.02041e-05
-2.04082e-05
2.55102e-06
-1.02041e-05
-2.04082e-05
-1.02041e-05
2.55102e-06
2.55102e-06
-1.02041e-05
-1.02041e-05
-4.08163e-05
-1.02041e-05
-1.02041e-05
2.55102e-06
-1.02041e-05
-4.08163e-05
-1.02041e-05
-1.02041e-05
2.55102e-06
6.25e-06
-1.02041e-05
-7.04082e-05
-1.02041e-05
-2.5e-05
-2.5e-05
2.55102e-06
-1.02041e-05
-7.04082e-05
-1.02041e-05
-2.5e-05
2.55102e-06
2.55102e-06
-1.02041e-05
-1.02041e-05
-1.02041e-05
-4.08163e-05
-1.02041e-05
-1.02041e-05
-1.02041e-05
-1.02041e-05
-4.08163e-05
-1.02041e-05
2.55102e-06
2.55102e-06
-1.02041e-05
-1.02041e-05
-4.08163e-05
-1.02041e-05
-1.02041e-05
2.55102e-06
-1.02041e-05
-1.02041e-05
-4.08163e-05
-1.02041e-05
2.55102e-06
6.25e-06
-1.02041e-05
-7.04082e-05
-1.02041e-05
-2.5e-05
-2.5e-05
6.25e-06
-1.02041e-05
-7.04082e-05
-2.5e-05
-2.5e-05
2.55102e-06
-1.02041e-05
-1.02041e-05
-2.04082e-05
6.25e-06
-2.5e-05
-5e-05
-2.5e-05
6.25e-06
6.25e-06
-2.5e-05
-2.5e-05
-0.0001
-2.5e-05
-2.5e-05
6.25e-06
-2.5e-05
-0.0001
-2.5e-05
-2.5e-05
6.25e-06
-2.5e-05
-0.0001
-2.5e-05
-2.5e-05
-2.5e-05
6.25e-06
-2.5e-05
-0.0001
-2.5e-05
-2.5e-05
6.25e-06
6.25e-06
-2.5e-05
-2.5e-05
-2.5e-05
-0.0001
-2.5e-05
-2.5e-05
-2.5e-05
-2.5e-05
-0.0001
-2.5e-05
6.25e-06
6.25e-06
-2.5e-05
-2.5e-05
-0.0001
-2.5e-05
-2.5e-05
6.25e-06
-2.5e-05
-2.5e-05
-0.0001
-2.5e-05
6.25e-06
-2.5e-05
-0.0001
-2.5e-05
-2.5e-05
-2.5e-05
6.25e-06
-2.5e-05
-0.0001
-2.5e-05
-2.5e-05
6.25e-06
-2.5e-05
-2.5e-05
-5e-05
6.25e-06
-2.5e-05
-5e-05
-2.5e-05
6.25e-06
-2.5e-05
-2.5e-05
-0.0001
-2.5e-05
6.25e-06
-2.5e-05
-0.0001
-2.5e-05
-2.5e-05
6.25e-06
-2.5e-05
-5e-05
-2.5e-05
6.25e-06
-2.5e-05
-2.5e-05
-0.0001
-2.5e-05
-2.5e-05
-2.5e-05
-2.5e-05
-0.0001
-2.5e-05
6.25e-06
-2.5e-05
-2.5e-05
-0.0001
-2.5e-05
6.25e-06
-2.5e-05
-2.5e-05
-0.0001
-2.5e-05
-2.5e-05
-5e-05
-2.5e-05
-5e-05
17
16
24
21
0
23
19
55
60
59
57
13
54
50
46
11
44
48
42
38
34
3
7
26
30
32
36
40
41
51
61
58
49
12
52
53
56
39
37
14
15
28
18
1
27
22
20
33
2
25
29
4
35
5
6
8
9
10
31
43
47
45
