name: Bai/bfwb62  n: 62 entries: 407  (jumbled version)
62 1
0
4
9
22
30
39
49
67
75
84
93
103
112
117
123
125
131
137
140
146
152
158
164
169
174
178
184
189
193
198
205
211
218
223
230
237
247
253
262
268
273
277
284
289
296
302
313
319
329
335
343
350
355
359
364
370
376
383
390
397
402
404
407
0
23
19
3
2
20
5
29
1
28
27
35
15
6
4
4
1
2
31
28
35
5
3
7
24
16
36
7
0
32
8
33
22
6
4
37
6
2
2
9
41
5
6
5
6
18
1
33
2
6
2
29
47
5
9
4
10
39
47
5
43
39
9
40
25
8
4
3
26
3
48
7
44
11
30
35
35
6
10
12
45
49
4
8
45
6
9
45
10
5
53
6
31
10
58
9
8
12
41
52
51
37
6
55
42
13
59
11
55
38
38
7
47
8
12
56
10
50
54
50
11
54
13
15
14
15
2
20
14
20
18
19
17
16
17
3
21
16
17
16
28
29
18
20
5
15
16
19
0
30
21
21
22
18
20
15
15
1
19
24
19
21
23
16
4
27
25
22
20
24
0
23
26
21
3
24
23
21
25
27
33
22
35
6
23
7
34
36
26
27
25
2
22
28
2
29
2
18
6
1
31
18
29
28
33
19
34
30
32
7
34
41
33
2
29
31
40
9
34
30
3
32
42
25
5
4
31
35
29
33
30
26
32
30
34
36
36
35
39
2
37
33
8
8
37
2
25
38
3
36
34
34
26
4
10
47
35
35
45
37
39
45
38
46
11
36
48
11
37
39
35
6
6
40
6
31
41
5
31
41
40
45
43
10
46
42
11
32
44
41
53
45
43
45
6
52
54
7
44
46
46
42
9
8
45
43
47
37
41
43
37
47
9
44
46
48
44
42
38
49
51
45
37
6
51
45
6
47
12
50
38
46
7
50
48
49
56
8
47
49
51
58
56
48
13
48
57
50
59
13
51
49
10
47
47
43
10
53
52
9
43
52
53
56
54
13
57
44
55
13
11
54
57
55
57
11
53
58
56
49
49
58
12
57
55
59
55
54
50
57
61
58
49
56
10
56
61
11
59
60
57
50
59
60
58
61
58
-1.14796e-05
2.55102e-06
2.55102e-06
1.27551e-06
1.27551e-06
2.55102e-06
6.37755e-07
2.55102e-06
-1.14796e-05
9.11109e-05
2.55102e-06
3.2896e-05
2.55102e-06
1.27551e-06
1.58494e-05
1.27551e-06
1.27551e-06
-2.29592e-05
2.55102e-06
2.55102e-06
2.55102e-06
1.27551e-06
-2.29592e-05
3.61393e-05
2.55102e-06
2.55102e-06
2.55102e-06
1.27551e-06
1.27551e-06
2.55102e-06
6.37755e-07
2.55102e-06
2.55102e-06
9.46304e-05
-1.14796e-05
2.55102e-06
1.27551e-06
1.27551e-06
1.58494e-05
1.5625e-06
6.25e-06
0.000151737
2.20026e-06
-1.70281e-05
2.51752e-05
2.55102e-06
6.37755e-07
2.55102e-06
1.27551e-06
-3.96046e-05
1.27551e-06
2.55102e-06
6.25e-06
2.20026e-06
9.83044e-05
9.46304e-05
3.125e-06
2.55102e-06
7.59102e-05
2.51752e-05
6.25e-06
5.96597e-05
3.125e-06
6.25e-06
2.55102e-06
2.20026e-06
1.27551e-06
3.61393e-05
2.55102e-06
1.27551e-06
6.25e-06
-3.96046e-05
6.25e-06
3.125e-06
2.55102e-06
2.14094e-05
2.55102e-06
2.20026e-06
3.125e-06
1.5625e-06
6.25e-06
6.25e-06
6.37755e-07
-2.25765e-05
0.000105332
9.83044e-05
-2.8125e-05
6.25e-06
3.125e-06
1.5625e-06
6.25e-06
3.125e-06
6.25e-06
-5.625e-05
6.25e-06
3.125e-06
3.125e-06
3.125e-06
6.25e-06
6.25e-06
6.25e-06
6.25e-06
3.125e-06
6.25e-06
6.25e-06
3.125e-06
6.25e-06
-5.625e-05
5.05726e-05
7.99479e-05
6.25e-06
3.125e-06
6.25e-06
1.5625e-06
-2.8125e-05
6.25e-06
3.125e-06
6.25e-06
6.25e-06
7.73089e-05
3.125e-06
6.48235e-05
-2.8125e-05
-1.02041e-05
-2.04082e-05
-4.08163e-05
2.55102e-06
2.7469e-05
-1.02041e-05
-1.02041e-05
-1.02041e-05
-1.02041e-05
-1.02041e-05
-4.08163e-05
2.72501e-05
2.55102e-06
-1.02041e-05
-1.02041e-05
-2.04082e-05
2.72501e-05
-1.02041e-05
-1.02041e-05
-4.08163e-05
-1.02041e-05
2.55102e-06
-1.02041e-05
-1.02041e-05
-4.08163e-05
2.55102e-06
-1.02041e-05
4.44591e-05
-1.02041e-05
-1.02041e-05
-1.02041e-05
-4.08163e-05
-1.02041e-05
2.7469e-05
2.55102e-06
4.44591e-05
-1.02041e-05
-1.02041e-05
-4.08163e-05
-1.02041e-05
-1.02041e-05
2.55102e-06
-1.02041e-05
-1.02041e-05
-4.08163e-05
-1.02041e-05
-1.02041e-05
2.55102e-06
-4.08163e-05
-1.02041e-05
-1.02041e-05
2.55102e-06
-2.04082e-05
-1.02041e-05
-1.02041e-05
-4.08163e-05
-1.02041e-05
-1.02041e-05
-1.02041e-05
-1.02041e-05
2.55102e-06
-1.02041e-05
2.55102e-06
-1.02041e-05
-1.02041e-05
-4.08163e-05
-2.04082e-05
-1.02041e-05
2.55102e-06
-1.02041e-05
-2.04082e-05
9.11109e-05
-1.02041e-05
2.55102e-06
-1.02041e-05
2.55102e-06
2.55102e-06
-1.02041e-05
-1.02041e-05
-4.08163e-05
-1.02041e-05
-1.02041e-05
-1.02041e-05
4.98855e-05
-4.08163e-05
-1.02041e-05
2.55102e-06
-1.02041e-05
-2.5e-05
-1.02041e-05
2.55102e-06
-1.02041e-05
-7.04082e-05
-2.5e-05
6.25e-06
-1.02041e-05
-1.02041e-05
2.55102e-06
-7.04082e-05
-2.5e-05
-1.02041e-05
2.55102e-06
2.55102e-06
-1.02041e-05
-1.02041e-05
-1.02041e-05
-4.08163e-05
-1.02041e-05
-1.02041e-05
-1.02041e-05
4.98855e-05
-4.08163e-05
-1.02041e-05
8.85501e-05
-4.08163e-05
-1.02041e-05
2.55102e-06
-1.02041e-05
-1.02041e-05
2.14094e-05
2.55102e-06
2.91542e-05
3.2896e-05
-1.02041e-05
-1.02041e-05
2.55102e-06
-4.08163e-05
-1.02041e-05
8.85501e-05
-1.02041e-05
2.55102e-06
6.25e-06
-2.5e-05
2.91542e-05
-1.02041e-05
-2.5e-05
-7.04082e-05
-1.02041e-05
1.1493e-05
-7.04082e-05
-2.5e-05
6.25e-06
-1.02041e-05
-2.5e-05
7.99479e-05
-1.02041e-05
-2.04082e-05
-1.02041e-05
2.55102e-06
5.96597e-05
-5e-05
6.25e-06
-2.5e-05
-2.5e-05
6.25e-06
-2.5e-05
-0.0001
-2.5e-05
-2.5e-05
-2.5e-05
6.25e-06
-2.5e-05
-0.0001
6.25e-06
-2.5e-05
-2.5e-05
-2.5e-05
-2.5e-05
3.14119e-05
-0.0001
-2.5e-05
6.25e-06
-2.5e-05
-2.5e-05
6.25e-06
-0.0001
4.83544e-06
-2.5e-05
-2.5e-05
6.25e-06
6.25e-06
-0.0001
-2.5e-05
-2.5e-05
-2.5e-05
-2.5e-05
3.14119e-05
1.1493e-05
5.76103e-05
0.000105332
4.83544e-06
-0.0001
-2.5e-05
-2.5e-05
-2.5e-05
-2.5e-05
-2.5e-05
-2.5e-05
-2.5e-05
-2.5e-05
6.25e-06
6.5083e-05
5.76103e-05
7.59102e-05
-0.0001
6.25e-06
-2.5e-05
-2.5e-05
-2.5e-05
6.25e-06
1.09202e-05
-0.0001
0.000156832
4.37582e-05
6.25e-06
-2.5e-05
-0.0001
-2.5e-05
-2.5e-05
-2.5e-05
-2.5e-05
7.73089e-05
1.09202e-05
-2.5e-05
-0.0001
-2.5e-05
6.25e-06
-5e-05
-2.5e-05
6.25e-06
6.5083e-05
-2.5e-05
-2.5e-05
6.25e-06
-2.5e-05
-5e-05
6.25e-06
-2.5e-05
-2.5e-05
-0.0001
-2.5e-05
-0.0001
6.48235e-05
-2.5e-05
-2.5e-05
-2.5e-05
6.25e-06
5.05726e-05
-2.5e-05
4.03933e-05
-5e-05
-2.5e-05
6.25e-06
-2.5e-05
-2.5e-05
-0.0001
4.37582e-05
-2.5e-05
4.74919e-05
6.25e-06
0.00016193
-2.5e-05
-2.5e-05
4.03933e-05
-2.5e-05
-2.5e-05
-0.0001
7.02188e-05
-0.0001
-2.5e-05
4.74919e-05
6.25e-06
-2.5e-05
-2.5e-05
6.25e-06
-0.0001
-2.5e-05
-2.5e-05
-2.5e-05
-2.5e-05
-5e-05
-2.5e-05
-5e-05
7.02188e-05
17
16
24
21
0
23
19
55
60
59
57
13
54
50
46
11
44
48
42
38
34
3
7
26
30
32
36
40
41
51
61
58
49
12
52
53
56
39
37
14
15
28
18
1
27
22
20
33
2
25
29
4
35
5
6
8
9
10
31
43
47
45
