name: HB/bcsstk02  n: 66 entries: 4356
66 0
0
66
132
198
264
330
396
462
528
594
660
726
792
858
924
990
1056
1122
1188
1254
1320
1386
1452
1518
1584
1650
1716
1782
1848
1914
1980
2046
2112
2178
2244
2310
2376
2442
2508
2574
2640
2706
2772
2838
2904
2970
3036
3102
3168
3234
3300
3366
3432
3498
3564
3630
3696
3762
3828
3894
3960
4026
4092
4158
4224
4290
4356
0
1
2
3
4
5
6
7
8
9
10
11
12
13
14
15
16
17
18
19
20
21
22
23
24
25
26
27
28
29
30
31
32
33
34
35
36
37
38
39
40
41
42
43
44
45
46
47
48
49
50
51
52
53
54
55
56
57
58
59
60
61
62
63
64
65
0
1
2
3
4
5
6
7
8
9
10
11
12
13
14
15
16
17
18
19
20
21
22
23
24
25
26
27
28
29
30
31
32
33
34
35
36
37
38
39
40
41
42
43
44
45
46
47
48
49
50
51
52
53
54
55
56
57
58
59
60
61
62
63
64
65
0
1
2
3
4
5
6
7
8
9
10
11
12
13
14
15
16
17
18
19
20
21
22
23
24
25
26
27
28
29
30
31
32
33
34
35
36
37
38
39
40
41
42
43
44
45
46
47
48
49
50
51
52
53
54
55
56
57
58
59
60
61
62
63
64
65
0
1
2
3
4
5
6
7
8
9
10
11
12
13
14
15
16
17
18
19
20
21
22
23
24
25
26
27
28
29
30
31
32
33
34
35
36
37
38
39
40
41
42
43
44
45
46
47
48
49
50
51
52
53
54
55
56
57
58
59
60
61
62
63
64
65
0
1
2
3
4
5
6
7
8
9
10
11
12
13
14
15
16
17
18
19
20
21
22
23
24
25
26
27
28
29
30
31
32
33
34
35
36
37
38
39
40
41
42
43
44
45
46
47
48
49
50
51
52
53
54
55
56
57
58
59
60
61
62
63
64
65
0
1
2
3
4
5
6
7
8
9
10
11
12
13
14
15
16
17
18
19
20
21
22
23
24
25
26
27
28
29
30
31
32
33
34
35
36
37
38
39
40
41
42
43
44
45
46
47
48
49
50
51
52
53
54
55
56
57
58
59
60
61
62
63
64
65
0
1
2
3
4
5
6
7
8
9
10
11
12
13
14
15
16
17
18
19
20
21
22
23
24
25
26
27
28
29
30
31
32
33
34
35
36
37
38
39
40
41
42
43
44
45
46
47
48
49
50
51
52
53
54
55
56
57
58
59
60
61
62
63
64
65
0
1
2
3
4
5
6
7
8
9
10
11
12
13
14
15
16
17
18
19
20
21
22
23
24
25
26
27
28
29
30
31
32
33
34
35
36
37
38
39
40
41
42
43
44
45
46
47
48
49
50
51
52
53
54
55
56
57
58
59
60
61
62
63
64
65
0
1
2
3
4
5
6
7
8
9
10
11
12
13
14
15
16
17
18
19
20
21
22
23
24
25
26
27
28
29
30
31
32
33
34
35
36
37
38
39
40
41
42
43
44
45
46
47
48
49
50
51
52
53
54
55
56
57
58
59
60
61
62
63
64
65
0
1
2
3
4
5
6
7
8
9
10
11
12
13
14
15
16
17
18
19
20
21
22
23
24
25
26
27
28
29
30
31
32
33
34
35
36
37
38
39
40
41
42
43
44
45
46
47
48
49
50
51
52
53
54
55
56
57
58
59
60
61
62
63
64
65
0
1
2
3
4
5
6
7
8
9
10
11
12
13
14
15
16
17
18
19
20
21
22
23
24
25
26
27
28
29
30
31
32
33
34
35
36
37
38
39
40
41
42
43
44
45
46
47
48
49
50
51
52
53
54
55
56
57
58
59
60
61
62
63
64
65
0
1
2
3
4
5
6
7
8
9
10
11
12
13
14
15
16
17
18
19
20
21
22
23
24
25
26
27
28
29
30
31
32
33
34
35
36
37
38
39
40
41
42
43
44
45
46
47
48
49
50
51
52
53
54
55
56
57
58
59
60
61
62
63
64
65
0
1
2
3
4
5
6
7
8
9
10
11
12
13
14
15
16
17
18
19
20
21
22
23
24
25
26
27
28
29
30
31
32
33
34
35
36
37
38
39
40
41
42
43
44
45
46
47
48
49
50
51
52
53
54
55
56
57
58
59
60
61
62
63
64
65
0
1
2
3
4
5
6
7
8
9
10
11
12
13
14
15
16
17
18
19
20
21
22
23
24
25
26
27
28
29
30
31
32
33
34
35
36
37
38
39
40
41
42
43
44
45
46
47
48
49
50
51
52
53
54
55
56
57
58
59
60
61
62
63
64
65
0
1
2
3
4
5
6
7
8
9
10
11
12
13
14
15
16
17
18
19
20
21
22
23
24
25
26
27
28
29
30
31
32
33
34
35
36
37
38
39
40
41
42
43
44
45
46
47
48
49
50
51
52
53
54
55
56
57
58
59
60
61
62
63
64
65
0
1
2
3
4
5
6
7
8
9
10
11
12
13
14
15
16
17
18
19
20
21
22
23
24
25
26
27
28
29
30
31
32
33
34
35
36
37
38
39
40
41
42
43
44
45
46
47
48
49
50
51
52
53
54
55
56
57
58
59
60
61
62
63
64
65
0
1
2
3
4
5
6
7
8
9
10
11
12
13
14
15
16
17
18
19
20
21
22
23
24
25
26
27
28
29
30
31
32
33
34
35
36
37
38
39
40
41
42
43
44
45
46
47
48
49
50
51
52
53
54
55
56
57
58
59
60
61
62
63
64
65
0
1
2
3
4
5
6
7
8
9
10
11
12
13
14
15
16
17
18
19
20
21
22
23
24
25
26
27
28
29
30
31
32
33
34
35
36
37
38
39
40
41
42
43
44
45
46
47
48
49
50
51
52
53
54
55
56
57
58
59
60
61
62
63
64
65
0
1
2
3
4
5
6
7
8
9
10
11
12
13
14
15
16
17
18
19
20
21
22
23
24
25
26
27
28
29
30
31
32
33
34
35
36
37
38
39
40
41
42
43
44
45
46
47
48
49
50
51
52
53
54
55
56
57
58
59
60
61
62
63
64
65
0
1
2
3
4
5
6
7
8
9
10
11
12
13
14
15
16
17
18
19
20
21
22
23
24
25
26
27
28
29
30
31
32
33
34
35
36
37
38
39
40
41
42
43
44
45
46
47
48
49
50
51
52
53
54
55
56
57
58
59
60
61
62
63
64
65
0
1
2
3
4
5
6
7
8
9
10
11
12
13
14
15
16
17
18
19
20
21
22
23
24
25
26
27
28
29
30
31
32
33
34
35
36
37
38
39
40
41
42
43
44
45
46
47
48
49
50
51
52
53
54
55
56
57
58
59
60
61
62
63
64
65
0
1
2
3
4
5
6
7
8
9
10
11
12
13
14
15
16
17
18
19
20
21
22
23
24
25
26
27
28
29
30
31
32
33
34
35
36
37
38
39
40
41
42
43
44
45
46
47
48
49
50
51
52
53
54
55
56
57
58
59
60
61
62
63
64
65
0
1
2
3
4
5
6
7
8
9
10
11
12
13
14
15
16
17
18
19
20
21
22
23
24
25
26
27
28
29
30
31
32
33
34
35
36
37
38
39
40
41
42
43
44
45
46
47
48
49
50
51
52
53
54
55
56
57
58
59
60
61
62
63
64
65
0
1
2
3
4
5
6
7
8
9
10
11
12
13
14
15
16
17
18
19
20
21
22
23
24
25
26
27
28
29
30
31
32
33
34
35
36
37
38
39
40
41
42
43
44
45
46
47
48
49
50
51
52
53
54
55
56
57
58
59
60
61
62
63
64
65
0
1
2
3
4
5
6
7
8
9
10
11
12
13
14
15
16
17
18
19
20
21
22
23
24
25
26
27
28
29
30
31
32
33
34
35
36
37
38
39
40
41
42
43
44
45
46
47
48
49
50
51
52
53
54
55
56
57
58
59
60
61
62
63
64
65
0
1
2
3
4
5
6
7
8
9
10
11
12
13
14
15
16
17
18
19
20
21
22
23
24
25
26
27
28
29
30
31
32
33
34
35
36
37
38
39
40
41
42
43
44
45
46
47
48
49
50
51
52
53
54
55
56
57
58
59
60
61
62
63
64
65
0
1
2
3
4
5
6
7
8
9
10
11
12
13
14
15
16
17
18
19
20
21
22
23
24
25
26
27
28
29
30
31
32
33
34
35
36
37
38
39
40
41
42
43
44
45
46
47
48
49
50
51
52
53
54
55
56
57
58
59
60
61
62
63
64
65
0
1
2
3
4
5
6
7
8
9
10
11
12
13
14
15
16
17
18
19
20
21
22
23
24
25
26
27
28
29
30
31
32
33
34
35
36
37
38
39
40
41
42
43
44
45
46
47
48
49
50
51
52
53
54
55
56
57
58
59
60
61
62
63
64
65
0
1
2
3
4
5
6
7
8
9
10
11
12
13
14
15
16
17
18
19
20
21
22
23
24
25
26
27
28
29
30
31
32
33
34
35
36
37
38
39
40
41
42
43
44
45
46
47
48
49
50
51
52
53
54
55
56
57
58
59
60
61
62
63
64
65
0
1
2
3
4
5
6
7
8
9
10
11
12
13
14
15
16
17
18
19
20
21
22
23
24
25
26
27
28
29
30
31
32
33
34
35
36
37
38
39
40
41
42
43
44
45
46
47
48
49
50
51
52
53
54
55
56
57
58
59
60
61
62
63
64
65
0
1
2
3
4
5
6
7
8
9
10
11
12
13
14
15
16
17
18
19
20
21
22
23
24
25
26
27
28
29
30
31
32
33
34
35
36
37
38
39
40
41
42
43
44
45
46
47
48
49
50
51
52
53
54
55
56
57
58
59
60
61
62
63
64
65
0
1
2
3
4
5
6
7
8
9
10
11
12
13
14
15
16
17
18
19
20
21
22
23
24
25
26
27
28
29
30
31
32
33
34
35
36
37
38
39
40
41
42
43
44
45
46
47
48
49
50
51
52
53
54
55
56
57
58
59
60
61
62
63
64
65
0
1
2
3
4
5
6
7
8
9
10
11
12
13
14
15
16
17
18
19
20
21
22
23
24
25
26
27
28
29
30
31
32
33
34
35
36
37
38
39
40
41
42
43
44
45
46
47
48
49
50
51
52
53
54
55
56
57
58
59
60
61
62
63
64
65
0
1
2
3
4
5
6
7
8
9
10
11
12
13
14
15
16
17
18
19
20
21
22
23
24
25
26
27
28
29
30
31
32
33
34
35
36
37
38
39
40
41
42
43
44
45
46
47
48
49
50
51
52
53
54
55
56
57
58
59
60
61
62
63
64
65
0
1
2
3
4
5
6
7
8
9
10
11
12
13
14
15
16
17
18
19
20
21
22
23
24
25
26
27
28
29
30
31
32
33
34
35
36
37
38
39
40
41
42
43
44
45
46
47
48
49
50
51
52
53
54
55
56
57
58
59
60
61
62
63
64
65
0
1
2
3
4
5
6
7
8
9
10
11
12
13
14
15
16
17
18
19
20
21
22
23
24
25
26
27
28
29
30
31
32
33
34
35
36
37
38
39
40
41
42
43
44
45
46
47
48
49
50
51
52
53
54
55
56
57
58
59
60
61
62
63
64
65
0
1
2
3
4
5
6
7
8
9
10
11
12
13
14
15
16
17
18
19
20
21
22
23
24
25
26
27
28
29
30
31
32
33
34
35
36
37
38
39
40
41
42
43
44
45
46
47
48
49
50
51
52
53
54
55
56
57
58
59
60
61
62
63
64
65
0
1
2
3
4
5
6
7
8
9
10
11
12
13
14
15
16
17
18
19
20
21
22
23
24
25
26
27
28
29
30
31
32
33
34
35
36
37
38
39
40
41
42
43
44
45
46
47
48
49
50
51
52
53
54
55
56
57
58
59
60
61
62
63
64
65
0
1
2
3
4
5
6
7
8
9
10
11
12
13
14
15
16
17
18
19
20
21
22
23
24
25
26
27
28
29
30
31
32
33
34
35
36
37
38
39
40
41
42
43
44
45
46
47
48
49
50
51
52
53
54
55
56
57
58
59
60
61
62
63
64
65
0
1
2
3
4
5
6
7
8
9
10
11
12
13
14
15
16
17
18
19
20
21
22
23
24
25
26
27
28
29
30
31
32
33
34
35
36
37
38
39
40
41
42
43
44
45
46
47
48
49
50
51
52
53
54
55
56
57
58
59
60
61
62
63
64
65
0
1
2
3
4
5
6
7
8
9
10
11
12
13
14
15
16
17
18
19
20
21
22
23
24
25
26
27
28
29
30
31
32
33
34
35
36
37
38
39
40
41
42
43
44
45
46
47
48
49
50
51
52
53
54
55
56
57
58
59
60
61
62
63
64
65
0
1
2
3
4
5
6
7
8
9
10
11
12
13
14
15
16
17
18
19
20
21
22
23
24
25
26
27
28
29
30
31
32
33
34
35
36
37
38
39
40
41
42
43
44
45
46
47
48
49
50
51
52
53
54
55
56
57
58
59
60
61
62
63
64
65
0
1
2
3
4
5
6
7
8
9
10
11
12
13
14
15
16
17
18
19
20
21
22
23
24
25
26
27
28
29
30
31
32
33
34
35
36
37
38
39
40
41
42
43
44
45
46
47
48
49
50
51
52
53
54
55
56
57
58
59
60
61
62
63
64
65
0
1
2
3
4
5
6
7
8
9
10
11
12
13
14
15
16
17
18
19
20
21
22
23
24
25
26
27
28
29
30
31
32
33
34
35
36
37
38
39
40
41
42
43
44
45
46
47
48
49
50
51
52
53
54
55
56
57
58
59
60
61
62
63
64
65
0
1
2
3
4
5
6
7
8
9
10
11
12
13
14
15
16
17
18
19
20
21
22
23
24
25
26
27
28
29
30
31
32
33
34
35
36
37
38
39
40
41
42
43
44
45
46
47
48
49
50
51
52
53
54
55
56
57
58
59
60
61
62
63
64
65
0
1
2
3
4
5
6
7
8
9
10
11
12
13
14
15
16
17
18
19
20
21
22
23
24
25
26
27
28
29
30
31
32
33
34
35
36
37
38
39
40
41
42
43
44
45
46
47
48
49
50
51
52
53
54
55
56
57
58
59
60
61
62
63
64
65
0
1
2
3
4
5
6
7
8
9
10
11
12
13
14
15
16
17
18
19
20
21
22
23
24
25
26
27
28
29
30
31
32
33
34
35
36
37
38
39
40
41
42
43
44
45
46
47
48
49
50
51
52
53
54
55
56
57
58
59
60
61
62
63
64
65
0
1
2
3
4
5
6
7
8
9
10
11
12
13
14
15
16
17
18
19
20
21
22
23
24
25
26
27
28
29
30
31
32
33
34
35
36
37
38
39
40
41
42
43
44
45
46
47
48
49
50
51
52
53
54
55
56
57
58
59
60
61
62
63
64
65
0
1
2
3
4
5
6
7
8
9
10
11
12
13
14
15
16
17
18
19
20
21
22
23
24
25
26
27
28
29
30
31
32
33
34
35
36
37
38
39
40
41
42
43
44
45
46
47
48
49
50
51
52
53
54
55
56
57
58
59
60
61
62
63
64
65
0
1
2
3
4
5
6
7
8
9
10
11
12
13
14
15
16
17
18
19
20
21
22
23
24
25
26
27
28
29
30
31
32
33
34
35
36
37
38
39
40
41
42
43
44
45
46
47
48
49
50
51
52
53
54
55
56
57
58
59
60
61
62
63
64
65
0
1
2
3
4
5
6
7
8
9
10
11
12
13
14
15
16
17
18
19
20
21
22
23
24
25
26
27
28
29
30
31
32
33
34
35
36
37
38
39
40
41
42
43
44
45
46
47
48
49
50
51
52
53
54
55
56
57
58
59
60
61
62
63
64
65
0
1
2
3
4
5
6
7
8
9
10
11
12
13
14
15
16
17
18
19
20
21
22
23
24
25
26
27
28
29
30
31
32
33
34
35
36
37
38
39
40
41
42
43
44
45
46
47
48
49
50
51
52
53
54
55
56
57
58
59
60
61
62
63
64
65
0
1
2
3
4
5
6
7
8
9
10
11
12
13
14
15
16
17
18
19
20
21
22
23
24
25
26
27
28
29
30
31
32
33
34
35
36
37
38
39
40
41
42
43
44
45
46
47
48
49
50
51
52
53
54
55
56
57
58
59
60
61
62
63
64
65
0
1
2
3
4
5
6
7
8
9
10
11
12
13
14
15
16
17
18
19
20
21
22
23
24
25
26
27
28
29
30
31
32
33
34
35
36
37
38
39
40
41
42
43
44
45
46
47
48
49
50
51
52
53
54
55
56
57
58
59
60
61
62
63
64
65
0
1
2
3
4
5
6
7
8
9
10
11
12
13
14
15
16
17
18
19
20
21
22
23
24
25
26
27
28
29
30
31
32
33
34
35
36
37
38
39
40
41
42
43
44
45
46
47
48
49
50
51
52
53
54
55
56
57
58
59
60
61
62
63
64
65
0
1
2
3
4
5
6
7
8
9
10
11
12
13
14
15
16
17
18
19
20
21
22
23
24
25
26
27
28
29
30
31
32
33
34
35
36
37
38
39
40
41
42
43
44
45
46
47
48
49
50
51
52
53
54
55
56
57
58
59
60
61
62
63
64
65
0
1
2
3
4
5
6
7
8
9
10
11
12
13
14
15
16
17
18
19
20
21
22
23
24
25
26
27
28
29
30
31
32
33
34
35
36
37
38
39
40
41
42
43
44
45
46
47
48
49
50
51
52
53
54
55
56
57
58
59
60
61
62
63
64
65
0
1
2
3
4
5
6
7
8
9
10
11
12
13
14
15
16
17
18
19
20
21
22
23
24
25
26
27
28
29
30
31
32
33
34
35
36
37
38
39
40
41
42
43
44
45
46
47
48
49
50
51
52
53
54
55
56
57
58
59
60
61
62
63
64
65
0
1
2
3
4
5
6
7
8
9
10
11
12
13
14
15
16
17
18
19
20
21
22
23
24
25
26
27
28
29
30
31
32
33
34
35
36
37
38
39
40
41
42
43
44
45
46
47
48
49
50
51
52
53
54
55
56
57
58
59
60
61
62
63
64
65
0
1
2
3
4
5
6
7
8
9
10
11
12
13
14
15
16
17
18
19
20
21
22
23
24
25
26
27
28
29
30
31
32
33
34
35
36
37
38
39
40
41
42
43
44
45
46
47
48
49
50
51
52
53
54
55
56
57
58
59
60
61
62
63
64
65
0
1
2
3
4
5
6
7
8
9
10
11
12
13
14
15
16
17
18
19
20
21
22
23
24
25
26
27
28
29
30
31
32
33
34
35
36
37
38
39
40
41
42
43
44
45
46
47
48
49
50
51
52
53
54
55
56
57
58
59
60
61
62
63
64
65
0
1
2
3
4
5
6
7
8
9
10
11
12
13
14
15
16
17
18
19
20
21
22
23
24
25
26
27
28
29
30
31
32
33
34
35
36
37
38
39
40
41
42
43
44
45
46
47
48
49
50
51
52
53
54
55
56
57
58
59
60
61
62
63
64
65
0
1
2
3
4
5
6
7
8
9
10
11
12
13
14
15
16
17
18
19
20
21
22
23
24
25
26
27
28
29
30
31
32
33
34
35
36
37
38
39
40
41
42
43
44
45
46
47
48
49
50
51
52
53
54
55
56
57
58
59
60
61
62
63
64
65
0
1
2
3
4
5
6
7
8
9
10
11
12
13
14
15
16
17
18
19
20
21
22
23
24
25
26
27
28
29
30
31
32
33
34
35
36
37
38
39
40
41
42
43
44
45
46
47
48
49
50
51
52
53
54
55
56
57
58
59
60
61
62
63
64
65
0
1
2
3
4
5
6
7
8
9
10
11
12
13
14
15
16
17
18
19
20
21
22
23
24
25
26
27
28
29
30
31
32
33
34
35
36
37
38
39
40
41
42
43
44
45
46
47
48
49
50
51
52
53
54
55
56
57
58
59
60
61
62
63
64
65
0
1
2
3
4
5
6
7
8
9
10
11
12
13
14
15
16
17
18
19
20
21
22
23
24
25
26
27
28
29
30
31
32
33
34
35
36
37
38
39
40
41
42
43
44
45
46
47
48
49
50
51
52
53
54
55
56
57
58
59
60
61
62
63
64
65
1990.33
567.912
775.784
-1386.8
-0.267855
-0.466904
-1.13048
0.392058
0.0262199
-490.288
-490.205
0.0251003
-59.4381
-38.6059
-385.481
0.0466086
-0.07465
-0.649846
0.154605
0.0447455
0.0143036
-0.021597
-0.136564
-0.225766
5.06186
-0.11502
-0.606937
0.42174
-0.0787629
-0.640284
0.583363
-0.146798
-0.0871747
-0.0304466
0.00205195
0.0243121
-1.20473
0.0507083
0.179964
-0.212499
-0.00346643
-0.0526655
-0.0754533
-0.0248233
0.0108515
-0.0125119
0.0729971
0.0242525
0.0162955
0.016102
-0.0204115
0.124351
1.7046e-05
-0.0389695
0.0538814
-0.00468958
-0.0116852
0.0292282
-0.0201849
-0.00931351
0.0108272
-0.0134893
-0.00188099
0.00488976
0.0122115
0.0116595
567.912
1990.33
775.784
0.392058
-1.13048
0.0262199
-0.267855
-1386.8
-0.466904
-490.205
-490.288
0.0251003
-38.6059
-59.4381
-385.481
0.0447455
0.154605
0.0143036
-0.07465
0.0466086
-0.649846
-0.136564
-0.021597
-0.225766
-0.11502
5.06186
-0.606937
-0.146798
0.583363
-0.0871747
-0.0787629
0.42174
-0.640284
0.00205195
-0.0304466
0.0243121
0.0507083
-1.20473
0.179964
-0.0248233
-0.0754533
0.0108515
-0.00346643
-0.212499
-0.0526655
0.0729971
-0.0125119
0.0242525
0.016102
0.0162955
-0.0204115
1.7046e-05
0.124351
-0.0389695
-0.0201849
0.0292282
-0.00931351
-0.00468958
0.0538814
-0.0116852
-0.0134893
0.0108272
-0.00188099
0.0122115
0.00488976
0.0116595
775.784
775.784
7797.07
-0.053135
-0.00304816
-1.02514
-0.00304816
-0.053135
-1.02514
-0.0251003
-0.0251003
-0.32666
-388.557
-388.557
-3897.53
-0.553346
-0.027228
-0.020746
-0.027228
-0.553346
-0.020746
-0.237089
-0.237089
-0.0465557
-0.337238
-0.337238
0.079704
0.110987
-0.0277104
0.074426
-0.0277104
0.110987
0.074426
0.037226
0.037226
0.00552773
0.0764976
0.0764976
-0.0308651
-0.00553496
0.00236739
6.17619e-05
0.00236739
-0.00553496
6.17619e-05
-0.0152097
-0.0152097
-0.00637744
-0.00155356
-0.00155356
0.00410436
-0.00778484
-0.00778484
0.00455579
0.00131965
-0.00105151
0.0024964
-0.00105151
0.00131965
0.0024964
0.00126122
0.00126122
0.000995693
-0.00103177
-0.00103177
-0.00220184
-1386.8
0.392058
-0.053135
3060.65
-710.327
-1533.01
-490.356
490.312
0.0504023
-1.13048
-0.267855
0.00304816
-1066.01
71.418
710.379
-58.5567
38.6301
386.582
-0.0274214
0.249666
0.360423
-5.37811
70.5226
47.1606
0.248145
-0.100585
-0.0920349
6.56901
0.264895
1.00508
-0.0738641
0.306412
0.114551
0.41147
-0.000773718
0.0549392
-0.181382
-0.00548262
-0.154083
-1.09651
-0.0469509
-0.160836
-0.0140005
-0.0455285
-0.00651007
-0.184547
-0.0828652
-0.0353681
-0.0100963
0.027968
0.0294307
0.0469962
-0.00341712
-0.0226327
0.176759
0.0183094
0.0372451
0.0052355
0.0144878
0.0141999
0.0389266
-0.0169269
0.00836761
-0.0188819
0.0186254
-0.0128916
-0.267855
-1.13048
-0.00304816
-710.327
3060.65
1533.01
490.312
-490.356
-0.0504023
0.392058
-1386.8
0.053135
70.5226
-5.37811
-47.1606
38.6301
-58.5567
-386.582
0.249666
-0.0274214
-0.360423
71.418
-1066.01
-710.379
-0.000773718
0.41147
-0.0549392
0.264895
6.56901
-1.00508
0.306412
-0.0738641
-0.114551
-0.100585
0.248145
0.0920349
-0.0828652
-0.184547
0.0353681
-0.0469509
-1.09651
0.160836
-0.0455285
-0.0140005
0.00651007
-0.00548262
-0.181382
0.154083
0.027968
-0.0100963
-0.0294307
-0.0169269
0.0389266
-0.00836761
0.0183094
0.176759
-0.0372451
0.0144878
0.0052355
-0.0141999
-0.00341712
0.0469962
0.0226327
0.0186254
-0.0188819
0.0128916
-0.466904
0.0262199
-1.02514
-1533.01
1533.01
8746.03
-0.0504023
0.0504023
-0.234861
-0.0262199
0.466904
-1.02514
710.389
-47.476
-474.485
389.148
-389.148
-3897.23
0.164121
-0.164121
-0.00505008
47.476
-710.389
-474.485
0.460779
-0.0404939
-0.0532046
0.380074
-0.380074
-0.0064657
0.0077342
-0.0077342
0.010514
0.0404939
-0.460779
-0.0532046
-0.117741
0.0161033
0.00676233
-0.074228
0.074228
-0.0264454
0.00311767
-0.00311767
-0.00052924
-0.0161033
0.117741
0.00676233
-0.00185284
0.00185284
-0.000119449
0.0154433
-0.00305095
-0.00441524
0.0136511
-0.0136511
0.00200577
0.00300295
-0.00300295
0.00035693
0.00305095
-0.0154433
-0.00441524
-0.00248795
0.00248795
0.000528505
-1.13048
-0.267855
-0.00304816
-490.356
490.312
-0.0504023
3060.65
-710.327
1533.01
-1386.8
0.392058
0.053135
-5.37811
70.5226
-47.1606
-0.0274214
0.249666
-0.360423
-58.5567
38.6301
-386.582
-1066.01
71.418
-710.379
0.41147
-0.000773718
-0.0549392
-0.0738641
0.306412
-0.114551
6.56901
0.264895
-1.00508
0.248145
-0.100585
0.0920349
-0.184547
-0.0828652
0.0353681
-0.0140005
-0.0455285
0.00651007
-1.09651
-0.0469509
0.160836
-0.181382
-0.00548262
0.154083
-0.0100963
0.027968
-0.0294307
0.0389266
-0.0169269
-0.00836761
0.0052355
0.0144878
-0.0141999
0.176759
0.0183094
-0.0372451
0.0469962
-0.00341712
0.0226327
-0.0188819
0.0186254
0.0128916
0.392058
-1386.8
-0.053135
490.312
-490.356
0.0504023
-710.327
3060.65
-1533.01
-0.267855
-1.13048
0.00304816
71.418
-1066.01
710.379
0.249666
-0.0274214
0.360423
38.6301
-58.5567
386.582
70.5226
-5.37811
47.1606
-0.100585
0.248145
-0.0920349
0.306412
-0.0738641
0.114551
0.264895
6.56901
1.00508
-0.000773718
0.41147
0.0549392
-0.00548262
-0.181382
-0.154083
-0.0455285
-0.0140005
-0.00651007
-0.0469509
-1.09651
-0.160836
-0.0828652
-0.184547
-0.0353681
0.027968
-0.0100963
0.0294307
-0.00341712
0.0469962
-0.0226327
0.0144878
0.0052355
0.0141999
0.0183094
0.176759
0.0372451
-0.0169269
0.0389266
0.00836761
0.0186254
-0.0188819
-0.0128916
0.0262199
-0.466904
-1.02514
0.0504023
-0.0504023
-0.234861
1533.01
-1533.01
8746.03
0.466904
-0.0262199
-1.02514
-47.476
710.389
-474.485
-0.164121
0.164121
-0.00505008
-389.148
389.148
-3897.23
-710.389
47.476
-474.485
-0.0404939
0.460779
-0.0532046
-0.0077342
0.0077342
0.010514
-0.380074
0.380074
-0.0064657
-0.460779
0.0404939
-0.0532046
0.0161033
-0.117741
0.00676233
-0.00311767
0.00311767
-0.00052924
0.074228
-0.074228
-0.0264454
0.117741
-0.0161033
0.00676233
0.00185284
-0.00185284
-0.000119449
-0.00305095
0.0154433
-0.00441524
-0.00300295
0.00300295
0.00035693
-0.0136511
0.0136511
0.00200577
-0.0154433
0.00305095
-0.00441524
0.00248795
-0.00248795
0.000528505
-490.288
-490.205
-0.0251003
-1.13048
0.392058
-0.0262199
-1386.8
-0.267855
0.466904
1990.33
567.912
-775.784
-0.021597
-0.136564
0.225766
0.154605
0.0447455
-0.0143036
0.0466086
-0.07465
0.649846
-59.4381
-38.6059
385.481
-0.0304466
0.00205195
-0.0243121
0.583363
-0.146798
0.0871747
0.42174
-0.0787629
0.640284
5.06186
-0.11502
0.606937
-0.0125119
0.0729971
-0.0242525
-0.0754533
-0.0248233
-0.0108515
-0.212499
-0.00346643
0.0526655
-1.20473
0.0507083
-0.179964
0.0162955
0.016102
0.0204115
0.0108272
-0.0134893
0.00188099
0.0292282
-0.0201849
0.00931351
0.0538814
-0.00468958
0.0116852
0.124351
1.7046e-05
0.0389695
0.00488976
0.0122115
-0.0116595
-490.205
-490.288
-0.0251003
-0.267855
-1386.8
0.466904
0.392058
-1.13048
-0.0262199
567.912
1990.33
-775.784
-0.136564
-0.021597
0.225766
-0.07465
0.0466086
0.649846
0.0447455
0.154605
-0.0143036
-38.6059
-59.4381
385.481
0.00205195
-0.0304466
-0.0243121
-0.0787629
0.42174
0.640284
-0.146798
0.583363
0.0871747
-0.11502
5.06186
0.606937
0.0729971
-0.0125119
-0.0242525
-0.00346643
-0.212499
0.0526655
-0.0248233
-0.0754533
-0.0108515
0.0507083
-1.20473
-0.179964
0.016102
0.0162955
0.0204115
-0.0134893
0.0108272
0.00188099
-0.00468958
0.0538814
0.0116852
-0.0201849
0.0292282
0.00931351
1.7046e-05
0.124351
0.0389695
0.0122115
0.00488976
-0.0116595
0.0251003
0.0251003
-0.32666
0.00304816
0.053135
-1.02514
0.053135
0.00304816
-1.02514
-775.784
-775.784
7797.07
0.237089
0.237089
-0.0465557
0.027228
0.553346
-0.020746
0.553346
0.027228
-0.020746
388.557
388.557
-3897.53
-0.037226
-0.037226
0.00552773
0.0277104
-0.110987
0.074426
-0.110987
0.0277104
0.074426
0.337238
0.337238
0.079704
0.0152097
0.0152097
-0.00637744
-0.00236739
0.00553496
6.17619e-05
0.00553496
-0.00236739
6.17619e-05
-0.0764976
-0.0764976
-0.0308651
0.00155356
0.00155356
0.00410436
-0.00126122
-0.00126122
0.000995693
0.00105151
-0.00131965
0.0024964
-0.00131965
0.00105151
0.0024964
0.00778484
0.00778484
0.00455579
0.00103177
0.00103177
-0.00220184
-59.4381
-38.6059
-388.557
-1066.01
70.5226
710.389
-5.37811
71.418
-47.476
-0.021597
-0.136564
0.237089
4392.03
660.493
993.176
-1585.35
-0.740773
-0.0339266
-1.78233
0.475093
0.0547535
-560.649
-560.722
-0.0747833
-57.7288
-38.8699
-387.225
-1062.43
-82.1391
-816.16
-7.00761
-81.0473
-62.6346
-0.00362438
-0.195686
-0.196187
6.65338
-0.0972213
-1.15425
0.461214
0.140634
0.162896
0.53653
0.0945193
-0.0839861
-0.0439697
-0.337222
-0.177623
-0.0740894
-0.114823
0.142988
-0.713025
0.0244686
0.209259
-0.160889
0.00403492
0.112973
-0.167947
0.1029
0.0540287
-0.0387499
0.0475908
0.00812452
-0.0171316
-0.0865195
-0.0779926
-38.6059
-59.4381
-388.557
71.418
-5.37811
-47.476
70.5226
-1066.01
710.389
-0.136564
-0.021597
0.237089
660.493
4392.03
993.176
0.475093
-1.78233
0.0547535
-0.740773
-1585.35
-0.0339266
-560.722
-560.649
-0.0747833
-38.8699
-57.7288
-387.225
-81.0473
-7.00761
-62.6346
-82.1391
-1062.43
-816.16
-0.195686
-0.00362438
-0.196187
-0.0972213
6.65338
-1.15425
0.0945193
0.53653
-0.0839861
0.140634
0.461214
0.162896
-0.337222
-0.0439697
-0.177623
-0.114823
-0.0740894
0.142988
0.0244686
-0.713025
0.209259
0.1029
-0.167947
0.0540287
0.00403492
-0.160889
0.112973
0.0475908
-0.0387499
0.00812452
-0.0865195
-0.0171316
-0.0779926
-385.481
-385.481
-3897.53
710.379
-47.1606
-474.485
-47.1606
710.379
-474.485
0.225766
0.225766
-0.0465557
993.176
993.176
10005.4
-0.0573311
0.0503289
-1.53545
0.0503289
-0.0573311
-1.53545
0.0747833
0.0747833
-0.268728
-389.959
-389.959
-3896.92
-816.667
-63.0733
-629.339
-63.0733
-816.667
-629.339
-0.190581
-0.190581
-0.0335171
-0.248471
-0.248471
-0.0727184
-0.498551
-0.0283692
-0.076313
-0.0283692
-0.498551
-0.076313
-0.0330982
-0.0330982
0.00266288
0.00554188
0.00554188
0.0155029
0.0360689
0.0360689
-0.0302927
0.0844287
0.0146399
0.0165473
0.0146399
0.0844287
0.0165473
0.00139059
0.00139059
0.00205525
-0.000503376
-0.000503376
-0.00568056
0.0466086
0.0447455
-0.553346
-58.5567
38.6301
389.148
-0.0274214
0.249666
-0.164121
0.154605
-0.07465
0.027228
-1585.35
0.475093
-0.0573311
2253.17
-638.199
-776.518
-560.361
560.313
0.0158984
-1.78233
-0.740773
-0.0503289
0.254632
0.0301724
0.269511
-58.2814
38.6878
385.877
-0.0278594
0.173959
0.123827
0.102477
0.0175985
0.0034759
0.624486
0.123809
0.647462
4.76759
0.0121186
0.726097
-0.00139241
-0.0731863
0.00227585
0.68789
0.17083
0.12819
0.0342053
-0.0319406
-0.122696
-0.17412
-0.00293026
0.0938044
-0.808359
-0.0544554
-0.192594
-0.0388056
-0.00845262
-0.0247343
-0.101597
0.0421317
-0.0244629
0.0570756
-0.0262496
0.0532159
-0.07465
0.154605
-0.027228
38.6301
-58.5567
-389.148
0.249666
-0.0274214
0.164121
0.0447455
0.0466086
0.553346
-0.740773
-1.78233
0.0503289
-638.199
2253.17
776.518
560.313
-560.361
-0.0158984
0.475093
-1585.35
0.0573311
0.0175985
0.102477
-0.0034759
38.6878
-58.2814
-385.877
0.173959
-0.0278594
-0.123827
0.0301724
0.254632
-0.269511
0.17083
0.68789
-0.12819
0.0121186
4.76759
-0.726097
-0.0731863
-0.00139241
-0.00227585
0.123809
0.624486
-0.647462
-0.0319406
0.0342053
0.122696
0.0421317
-0.101597
0.0244629
-0.0544554
-0.808359
0.192594
-0.00845262
-0.0388056
0.0247343
-0.00293026
-0.17412
-0.0938044
-0.0262496
0.0570756
-0.0532159
-0.649846
0.0143036
-0.020746
386.582
-386.582
-3897.23
-0.360423
0.360423
-0.00505008
-0.0143036
0.649846
-0.020746
-0.0339266
0.0547535
-1.53545
-776.518
776.518
7798.07
-0.0158984
0.0158984
-0.437385
-0.0547535
0.0339266
-1.53545
0.648808
-0.0270483
-0.052545
388.987
-388.987
-3897.43
0.32913
-0.32913
-0.0863819
0.0270483
-0.648808
-0.052545
-0.133462
-0.0231839
0.078835
0.261059
-0.261059
0.0748703
-0.0442692
0.0442692
0.0158796
0.0231839
0.133462
0.078835
0.00189813
-0.00189813
-0.0220231
0.00568033
0.0017499
-0.00020328
-0.038754
0.038754
-0.027308
0.0102927
-0.0102927
-0.00798257
-0.0017499
-0.00568033
-0.00020328
0.00215333
-0.00215333
0.0102405
0.154605
-0.07465
-0.027228
-0.0274214
0.249666
0.164121
-58.5567
38.6301
-389.148
0.0466086
0.0447455
0.553346
-1.78233
-0.740773
0.0503289
-560.361
560.313
-0.0158984
2253.17
-638.199
776.518
-1585.35
0.475093
0.0573311
0.102477
0.0175985
-0.0034759
-0.0278594
0.173959
-0.123827
-58.2814
38.6878
-385.877
0.254632
0.0301724
-0.269511
0.68789
0.17083
-0.12819
-0.00139241
-0.0731863
-0.00227585
4.76759
0.0121186
-0.726097
0.624486
0.123809
-0.647462
0.0342053
-0.0319406
0.122696
-0.101597
0.0421317
0.0244629
-0.0388056
-0.00845262
0.0247343
-0.808359
-0.0544554
0.192594
-0.17412
-0.00293026
-0.0938044
0.0570756
-0.0262496
-0.0532159
0.0447455
0.0466086
-0.553346
0.249666
-0.0274214
-0.164121
38.6301
-58.5567
389.148
-0.07465
0.154605
0.027228
0.475093
-1585.35
-0.0573311
560.313
-560.361
0.0158984
-638.199
2253.17
-776.518
-0.740773
-1.78233
-0.0503289
0.0301724
0.254632
0.269511
0.173959
-0.0278594
0.123827
38.6878
-58.2814
385.877
0.0175985
0.102477
0.0034759
0.123809
0.624486
0.647462
-0.0731863
-0.00139241
0.00227585
0.0121186
4.76759
0.726097
0.17083
0.68789
0.12819
-0.0319406
0.0342053
-0.122696
-0.00293026
-0.17412
0.0938044
-0.00845262
-0.0388056
-0.0247343
-0.0544554
-0.808359
-0.192594
0.0421317
-0.101597
-0.0244629
-0.0262496
0.0570756
0.0532159
0.0143036
-0.649846
-0.020746
0.360423
-0.360423
-0.00505008
-386.582
386.582
-3897.23
0.649846
-0.0143036
-0.020746
0.0547535
-0.0339266
-1.53545
0.0158984
-0.0158984
-0.437385
776.518
-776.518
7798.07
0.0339266
-0.0547535
-1.53545
-0.0270483
0.648808
-0.052545
-0.32913
0.32913
-0.0863819
-388.987
388.987
-3897.43
-0.648808
0.0270483
-0.052545
-0.0231839
-0.133462
0.078835
0.0442692
-0.0442692
0.0158796
-0.261059
0.261059
0.0748703
0.133462
0.0231839
0.078835
-0.00189813
0.00189813
-0.0220231
0.0017499
0.00568033
-0.00020328
-0.0102927
0.0102927
-0.00798257
0.038754
-0.038754
-0.027308
-0.00568033
-0.0017499
-0.00020328
-0.00215333
0.00215333
0.0102405
-0.021597
-0.136564
-0.237089
-5.37811
71.418
47.476
-1066.01
70.5226
-710.389
-59.4381
-38.6059
388.557
-560.649
-560.722
0.0747833
-1.78233
0.475093
-0.0547535
-1585.35
-0.740773
0.0339266
4392.03
660.493
-993.176
-0.00362438
-0.195686
0.196187
-7.00761
-81.0473
62.6346
-1062.43
-82.1391
816.16
-57.7288
-38.8699
387.225
-0.0439697
-0.337222
0.177623
0.53653
0.0945193
0.0839861
0.461214
0.140634
-0.162896
6.65338
-0.0972213
1.15425
-0.0740894
-0.114823
-0.142988
-0.0387499
0.0475908
-0.00812452
-0.167947
0.1029
-0.0540287
-0.160889
0.00403492
-0.112973
-0.713025
0.0244686
-0.209259
-0.0171316
-0.0865195
0.0779926
-0.136564
-0.021597
-0.237089
70.5226
-1066.01
-710.389
71.418
-5.37811
47.476
-38.6059
-59.4381
388.557
-560.722
-560.649
0.0747833
-0.740773
-1585.35
0.0339266
0.475093
-1.78233
-0.0547535
660.493
4392.03
-993.176
-0.195686
-0.00362438
0.196187
-82.1391
-1062.43
816.16
-81.0473
-7.00761
62.6346
-38.8699
-57.7288
387.225
-0.337222
-0.0439697
0.177623
0.140634
0.461214
-0.162896
0.0945193
0.53653
0.0839861
-0.0972213
6.65338
1.15425
-0.114823
-0.0740894
-0.142988
0.0475908
-0.0387499
-0.00812452
0.00403492
-0.160889
-0.112973
0.1029
-0.167947
-0.0540287
0.0244686
-0.713025
-0.209259
-0.0865195
-0.0171316
0.0779926
-0.225766
-0.225766
-0.0465557
47.1606
-710.379
-474.485
-710.379
47.1606
-474.485
385.481
385.481
-3897.53
-0.0747833
-0.0747833
-0.268728
-0.0503289
0.0573311
-1.53545
0.0573311
-0.0503289
-1.53545
-993.176
-993.176
10005.4
0.190581
0.190581
-0.0335171
63.0733
816.667
-629.339
816.667
63.0733
-629.339
389.959
389.959
-3896.92
0.0330982
0.0330982
0.00266288
0.0283692
0.498551
-0.076313
0.498551
0.0283692
-0.076313
0.248471
0.248471
-0.0727184
-0.00554188
-0.00554188
0.0155029
-0.00139059
-0.00139059
0.00205525
-0.0146399
-0.0844287
0.0165473
-0.0844287
-0.0146399
0.0165473
-0.0360689
-0.0360689
-0.0302927
0.000503376
0.000503376
-0.00568056
5.06186
-0.11502
-0.337238
0.248145
-0.000773718
0.460779
0.41147
-0.100585
-0.0404939
-0.0304466
0.00205195
-0.037226
-57.7288
-38.8699
-389.959
0.254632
0.0175985
0.648808
0.102477
0.0301724
-0.0270483
-0.00362438
-0.195686
0.190581
1607.4
469.247
776.404
-1108.36
-0.183225
-0.0252203
-1.70748
0.566816
0.121913
-391.559
-391.5
-0.00866082
-57.6025
-38.6618
-385.371
0.451009
-0.0141539
-0.406433
0.18314
-0.0667222
0.0421279
0.0214094
-0.0306797
0.0645324
0.0678189
-0.0778239
-0.57432
2.89767
0.0234001
-0.871894
0.421527
-0.0919603
-0.462379
0.685305
-0.215989
-0.20399
0.0348205
0.0425194
-0.0164578
0.0839516
0.0944766
0.314077
-0.11502
5.06186
-0.337238
-0.100585
0.41147
-0.0404939
-0.000773718
0.248145
0.460779
0.00205195
-0.0304466
-0.037226
-38.8699
-57.7288
-389.959
0.0301724
0.102477
-0.0270483
0.0175985
0.254632
0.648808
-0.195686
-0.00362438
0.190581
469.247
1607.4
776.404
0.566816
-1.70748
0.121913
-0.183225
-1108.36
-0.0252203
-391.5
-391.559
-0.00866082
-38.6618
-57.6025
-385.371
-0.0667222
0.18314
0.0421279
-0.0141539
0.451009
-0.406433
-0.0306797
0.0214094
0.0645324
-0.0778239
0.0678189
-0.57432
0.0234001
2.89767
-0.871894
-0.215989
0.685305
-0.20399
-0.0919603
0.421527
-0.462379
0.0425194
0.0348205
-0.0164578
0.0944766
0.0839516
0.314077
-0.606937
-0.606937
0.079704
-0.0920349
-0.0549392
-0.0532046
-0.0549392
-0.0920349
-0.0532046
-0.0243121
-0.0243121
0.00552773
-387.225
-387.225
-3896.92
0.269511
-0.0034759
-0.052545
-0.0034759
0.269511
-0.052545
0.196187
0.196187
-0.0335171
776.404
776.404
7796.54
0.0793758
0.0930565
-0.878158
0.0930565
0.0793758
-0.878158
0.00866082
0.00866082
-0.296703
-388.46
-388.46
-3897.62
-0.325255
-0.0227143
-0.0132897
-0.0227143
-0.325255
-0.0132897
-0.182641
-0.182641
-0.0732764
0.00527268
0.00527268
0.112376
-0.223009
-0.223009
0.128488
0.0352938
-0.0415334
0.0697438
-0.0415334
0.0352938
0.0697438
0.0111965
0.0111965
0.0138805
-0.0136747
-0.0136747
-0.0597699
0.42174
-0.146798
0.110987
6.56901
0.264895
0.380074
-0.0738641
0.306412
-0.0077342
0.583363
-0.0787629
0.0277104
-1062.43
-81.0473
-816.667
-58.2814
38.6878
388.987
-0.0278594
0.173959
-0.32913
-7.00761
-82.1391
63.0733
-1108.36
0.566816
0.0793758
3704.86
-492.682
-1033.72
-391.91
391.885
0.0584443
-1.70748
-0.183225
-0.0930565
-1020.42
93.1075
926.149
-56.913
38.8
386.539
-0.0526068
0.232665
-0.0277623
-9.20235
91.7568
83.888
-0.00589175
0.413315
0.849592
0.56814
-0.137338
-0.361101
4.4773
0.168613
1.21083
0.0793485
0.0835317
0.212446
0.559866
-0.154137
0.162958
-0.271408
0.221032
-0.383596
-0.0787629
0.583363
-0.0277104
0.264895
6.56901
-0.380074
0.306412
-0.0738641
0.0077342
-0.146798
0.42174
-0.110987
-82.1391
-7.00761
-63.0733
38.6878
-58.2814
-388.987
0.173959
-0.0278594
0.32913
-81.0473
-1062.43
816.667
-0.183225
-1.70748
0.0930565
-492.682
3704.86
1033.72
391.885
-391.91
-0.0584443
0.566816
-1108.36
-0.0793758
91.7568
-9.20235
-83.888
38.8
-56.913
-386.539
0.232665
-0.0526068
0.0277623
93.1075
-1020.42
-926.149
0.413315
-0.00589175
-0.849592
-0.154137
0.559866
-0.162958
0.168613
4.4773
-1.21083
0.0835317
0.0793485
-0.212446
-0.137338
0.56814
0.361101
0.221032
-0.271408
0.383596
-0.640284
-0.0871747
0.074426
1.00508
-1.00508
-0.0064657
-0.114551
0.114551
0.010514
0.0871747
0.640284
0.074426
-816.16
-62.6346
-629.339
385.877
-385.877
-3897.43
-0.123827
0.123827
-0.0863819
62.6346
816.16
-629.339
-0.0252203
0.121913
-0.878158
-1033.72
1033.72
10743.1
-0.0584443
0.0584443
-0.201006
-0.121913
0.0252203
-0.878158
926.189
-84.5177
-843.805
389.812
-389.812
-3897.08
0.103225
-0.103225
-0.0115568
84.5177
-926.189
-843.805
0.00516548
-0.00516548
-0.0909791
0.411145
-0.0317089
-0.125467
0.216071
-0.216071
-0.0427843
0.110541
-0.110541
-0.0308923
0.0317089
-0.411145
-0.125467
-0.0183012
0.0183012
0.0556577
0.583363
-0.0787629
-0.0277104
-0.0738641
0.306412
0.0077342
6.56901
0.264895
-0.380074
0.42174
-0.146798
-0.110987
-7.00761
-82.1391
-63.0733
-0.0278594
0.173959
0.32913
-58.2814
38.6878
-388.987
-1062.43
-81.0473
816.667
-1.70748
-0.183225
0.0930565
-391.91
391.885
-0.0584443
3704.86
-492.682
1033.72
-1108.36
0.566816
-0.0793758
-9.20235
91.7568
-83.888
-0.0526068
0.232665
0.0277623
-56.913
38.8
-386.539
-1020.42
93.1075
-926.149
-0.00589175
0.413315
-0.849592
0.559866
-0.154137
-0.162958
0.0793485
0.0835317
-0.212446
4.4773
0.168613
-1.21083
0.56814
-0.137338
0.361101
-0.271408
0.221032
0.383596
-0.146798
0.42174
0.110987
0.306412
-0.0738641
-0.0077342
0.264895
6.56901
0.380074
-0.0787629
0.583363
0.0277104
-81.0473
-1062.43
-816.667
0.173959
-0.0278594
-0.32913
38.6878
-58.2814
388.987
-82.1391
-7.00761
63.0733
0.566816
-1108.36
0.0793758
391.885
-391.91
0.0584443
-492.682
3704.86
-1033.72
-0.183225
-1.70748
-0.0930565
93.1075
-1020.42
926.149
0.232665
-0.0526068
-0.0277623
38.8
-56.913
386.539
91.7568
-9.20235
83.888
0.413315
-0.00589175
0.849592
-0.137338
0.56814
-0.361101
0.0835317
0.0793485
0.212446
0.168613
4.4773
1.21083
-0.154137
0.559866
0.162958
0.221032
-0.271408
-0.383596
-0.0871747
-0.640284
0.074426
0.114551
-0.114551
0.010514
-1.00508
1.00508
-0.0064657
0.640284
0.0871747
0.074426
-62.6346
-816.16
-629.339
0.123827
-0.123827
-0.0863819
-385.877
385.877
-3897.43
816.16
62.6346
-629.339
0.121913
-0.0252203
-0.878158
0.0584443
-0.0584443
-0.201006
1033.72
-1033.72
10743.1
0.0252203
-0.121913
-0.878158
-84.5177
926.189
-843.805
-0.103225
0.103225
-0.0115568
-389.812
389.812
-3897.08
-926.189
84.5177
-843.805
-0.00516548
0.00516548
-0.0909791
-0.0317089
0.411145
-0.125467
-0.110541
0.110541
-0.0308923
-0.216071
0.216071
-0.0427843
-0.411145
0.0317089
-0.125467
0.0183012
-0.0183012
0.0556577
-0.0304466
0.00205195
0.037226
0.41147
-0.100585
0.0404939
0.248145
-0.000773718
-0.460779
5.06186
-0.11502
0.337238
-0.00362438
-0.195686
-0.190581
0.102477
0.0301724
0.0270483
0.254632
0.0175985
-0.648808
-57.7288
-38.8699
389.959
-391.559
-391.5
0.00866082
-1.70748
0.566816
-0.121913
-1108.36
-0.183225
0.0252203
1607.4
469.247
-776.404
0.0214094
-0.0306797
-0.0645324
0.18314
-0.0667222
-0.0421279
0.451009
-0.0141539
0.406433
-57.6025
-38.6618
385.371
0.0678189
-0.0778239
0.57432
0.0348205
0.0425194
0.0164578
0.685305
-0.215989
0.20399
0.421527
-0.0919603
0.462379
2.89767
0.0234001
0.871894
0.0839516
0.0944766
-0.314077
0.00205195
-0.0304466
0.037226
-0.000773718
0.248145
-0.460779
-0.100585
0.41147
0.0404939
-0.11502
5.06186
0.337238
-0.195686
-0.00362438
-0.190581
0.0175985
0.254632
-0.648808
0.0301724
0.102477
0.0270483
-38.8699
-57.7288
389.959
-391.5
-391.559
0.00866082
-0.183225
-1108.36
0.0252203
0.566816
-1.70748
-0.121913
469.247
1607.4
-776.404
-0.0306797
0.0214094
-0.0645324
-0.0141539
0.451009
0.406433
-0.0667222
0.18314
-0.0421279
-38.6618
-57.6025
385.371
-0.0778239
0.0678189
0.57432
0.0425194
0.0348205
0.0164578
-0.0919603
0.421527
0.462379
-0.215989
0.685305
0.20399
0.0234001
2.89767
0.871894
0.0944766
0.0839516
-0.314077
0.0243121
0.0243121
0.00552773
0.0549392
0.0920349
-0.0532046
0.0920349
0.0549392
-0.0532046
0.606937
0.606937
0.079704
-0.196187
-0.196187
-0.0335171
0.0034759
-0.269511
-0.052545
-0.269511
0.0034759
-0.052545
387.225
387.225
-3896.92
-0.00866082
-0.00866082
-0.296703
-0.0930565
-0.0793758
-0.878158
-0.0793758
-0.0930565
-0.878158
-776.404
-776.404
7796.54
0.182641
0.182641
-0.0732764
0.0227143
0.325255
-0.0132897
0.325255
0.0227143
-0.0132897
388.46
388.46
-3897.62
-0.00527268
-0.00527268
0.112376
-0.0111965
-0.0111965
0.0138805
0.0415334
-0.0352938
0.0697438
-0.0352938
0.0415334
0.0697438
0.223009
0.223009
0.128488
0.0136747
0.0136747
-0.0597699
-1.20473
0.0507083
0.0764976
-0.181382
-0.0828652
-0.117741
-0.184547
-0.00548262
0.0161033
-0.0125119
0.0729971
0.0152097
6.65338
-0.0972213
-0.248471
0.624486
0.17083
-0.133462
0.68789
0.123809
-0.0231839
-0.0439697
-0.337222
0.0330982
-57.6025
-38.6618
-388.46
-1020.42
91.7568
926.189
-9.20235
93.1075
-84.5177
0.0214094
-0.0306797
0.182641
4334.65
1037.52
1069.1
-1330.96
-1.33531
-0.0481398
-1.81114
1.25534
0.0960574
-0.521198
-1.54
-0.197646
-941.584
-938.113
0.0375201
-47.2244
-38.8124
-385.388
-919.993
-102.357
-1021.61
-11.8759
-101.139
-112.779
-0.181416
0.0100031
0.110102
0.0111675
-1.5288
-2.30787
0.0507083
-1.20473
0.0764976
-0.00548262
-0.184547
0.0161033
-0.0828652
-0.181382
-0.117741
0.0729971
-0.0125119
0.0152097
-0.0972213
6.65338
-0.248471
0.123809
0.68789
-0.0231839
0.17083
0.624486
-0.133462
-0.337222
-0.0439697
0.0330982
-38.6618
-57.6025
-388.46
93.1075
-9.20235
-84.5177
91.7568
-1020.42
926.189
-0.0306797
0.0214094
0.182641
1037.52
4334.65
1069.1
1.25534
-1.81114
0.0960574
-1.33531
-1330.96
-0.0481398
-1.54
-0.521198
-0.197646
-938.113
-941.584
0.0375201
-38.8124
-47.2244
-385.388
-101.139
-11.8759
-112.779
-102.357
-919.993
-1021.61
0.0100031
-0.181416
0.110102
-1.5288
0.0111675
-2.30787
0.179964
0.179964
-0.0308651
-0.154083
0.0353681
0.00676233
0.0353681
-0.154083
0.00676233
-0.0242525
-0.0242525
-0.00637744
-1.15425
-1.15425
-0.0727184
0.647462
-0.12819
0.078835
-0.12819
0.647462
0.078835
0.177623
0.177623
0.00266288
-385.371
-385.371
-3897.62
926.149
-83.888
-843.805
-83.888
926.149
-843.805
-0.0645324
-0.0645324
-0.0732764
1069.1
1069.1
11761.3
0.530108
0.177773
-1.43166
0.177773
0.530108
-1.43166
0.197646
0.197646
1.00606
0.40851
0.40851
-4.19182
-390.383
-390.383
-3896.99
-1022.1
-113.893
-1136.29
-113.893
-1022.1
-1136.29
0.0372216
0.0372216
-0.0765286
-0.471714
-0.471714
-0.391224
-0.212499
-0.0248233
-0.00553496
-1.09651
-0.0469509
-0.074228
-0.0140005
-0.0455285
-0.00311767
-0.0754533
-0.00346643
-0.00236739
0.461214
0.0945193
-0.498551
4.76759
0.0121186
0.261059
-0.00139241
-0.0731863
0.0442692
0.53653
0.140634
0.0283692
0.451009
-0.0667222
-0.325255
-56.913
38.8
389.812
-0.0526068
0.232665
-0.103225
0.18314
-0.0141539
0.0227143
-1330.96
1.25534
0.530108
2374.33
-1016.59
-776.648
0.159235
0.613513
0.0593587
-1.81114
-1.33531
-0.177773
-941.473
937.916
-0.0890923
-0.403487
0.0781599
1.08711
-48.6372
38.1621
384.764
-0.144843
0.0341797
-0.17162
0.143585
-0.123433
-0.158027
0.482601
0.955785
1.62894
-0.00346643
-0.0754533
0.00236739
-0.0469509
-1.09651
0.074228
-0.0455285
-0.0140005
0.00311767
-0.0248233
-0.212499
0.00553496
0.140634
0.53653
-0.0283692
0.0121186
4.76759
-0.261059
-0.0731863
-0.00139241
-0.0442692
0.0945193
0.461214
0.498551
-0.0141539
0.18314
-0.0227143
38.8
-56.913
-389.812
0.232665
-0.0526068
0.103225
-0.0667222
0.451009
0.325255
-1.33531
-1.81114
0.177773
-1016.59
2374.33
776.648
0.613513
0.159235
-0.0593587
1.25534
-1330.96
-0.530108
937.916
-941.473
0.0890923
-0.123433
0.143585
0.158027
38.1621
-48.6372
-384.764
0.0341797
-0.144843
0.17162
0.0781599
-0.403487
-1.08711
0.955785
0.482601
-1.62894
-0.0526655
0.0108515
6.17619e-05
-0.160836
0.160836
-0.0264454
0.00651007
-0.00651007
-0.00052924
-0.0108515
0.0526655
6.17619e-05
0.162896
-0.0839861
-0.076313
0.726097
-0.726097
0.0748703
-0.00227585
0.00227585
0.0158796
0.0839861
-0.162896
-0.076313
-0.406433
0.0421279
-0.0132897
386.539
-386.539
-3897.08
0.0277623
-0.0277623
-0.0115568
-0.0421279
0.406433
-0.0132897
-0.0481398
0.0960574
-1.43166
-776.648
776.648
7800.77
-0.0593587
0.0593587
1.10347
-0.0960574
0.0481398
-1.43166
-0.397309
0.397309
-4.55593
0.260267
-0.0333222
-0.0296088
389.721
-389.721
-3897.27
0.010797
-0.010797
-0.142526
0.0333222
-0.260267
-0.0296088
0.308417
-0.308417
0.217768
-0.0754533
-0.00346643
0.00236739
-0.0140005
-0.0455285
0.00311767
-1.09651
-0.0469509
0.074228
-0.212499
-0.0248233
0.00553496
0.53653
0.140634
-0.0283692
-0.00139241
-0.0731863
-0.0442692
4.76759
0.0121186
-0.261059
0.461214
0.0945193
0.498551
0.18314
-0.0141539
-0.0227143
-0.0526068
0.232665
0.103225
-56.913
38.8
-389.812
0.451009
-0.0667222
0.325255
-1.81114
-1.33531
0.177773
0.159235
0.613513
-0.0593587
2374.33
-1016.59
776.648
-1330.96
1.25534
-0.530108
-941.473
937.916
0.0890923
0.143585
-0.123433
0.158027
-0.144843
0.0341797
0.17162
-48.6372
38.1621
-384.764
-0.403487
0.0781599
-1.08711
0.482601
0.955785
-1.62894
-0.0248233
-0.212499
-0.00553496
-0.0455285
-0.0140005
-0.00311767
-0.0469509
-1.09651
-0.074228
-0.00346643
-0.0754533
-0.00236739
0.0945193
0.461214
-0.498551
-0.0731863
-0.00139241
0.0442692
0.0121186
4.76759
0.261059
0.140634
0.53653
0.0283692
-0.0667222
0.451009
-0.325255
0.232665
-0.0526068
-0.103225
38.8
-56.913
389.812
-0.0141539
0.18314
0.0227143
1.25534
-1330.96
0.530108
0.613513
0.159235
0.0593587
-1016.59
2374.33
-776.648
-1.33531
-1.81114
-0.177773
937.916
-941.473
-0.0890923
0.0781599
-0.403487
1.08711
0.0341797
-0.144843
-0.17162
38.1621
-48.6372
384.764
-0.123433
0.143585
-0.158027
0.955785
0.482601
1.62894
0.0108515
-0.0526655
6.17619e-05
-0.00651007
0.00651007
-0.00052924
0.160836
-0.160836
-0.0264454
0.0526655
-0.0108515
6.17619e-05
-0.0839861
0.162896
-0.076313
0.00227585
-0.00227585
0.0158796
-0.726097
0.726097
0.0748703
-0.162896
0.0839861
-0.076313
0.0421279
-0.406433
-0.0132897
-0.0277623
0.0277623
-0.0115568
-386.539
386.539
-3897.08
0.406433
-0.0421279
-0.0132897
0.0960574
-0.0481398
-1.43166
0.0593587
-0.0593587
1.10347
776.648
-776.648
7800.77
0.0481398
-0.0960574
-1.43166
0.397309
-0.397309
-4.55593
-0.0333222
0.260267
-0.0296088
-0.010797
0.010797
-0.142526
-389.721
389.721
-3897.27
-0.260267
0.0333222
-0.0296088
-0.308417
0.308417
0.217768
-0.0125119
0.0729971
-0.0152097
-0.184547
-0.00548262
-0.0161033
-0.181382
-0.0828652
0.117741
-1.20473
0.0507083
-0.0764976
-0.0439697
-0.337222
-0.0330982
0.68789
0.123809
0.0231839
0.624486
0.17083
0.133462
6.65338
-0.0972213
0.248471
0.0214094
-0.0306797
-0.182641
-9.20235
93.1075
84.5177
-1020.42
91.7568
-926.189
-57.6025
-38.6618
388.46
-0.521198
-1.54
0.197646
-1.81114
1.25534
-0.0960574
-1330.96
-1.33531
0.0481398
4334.65
1037.52
-1069.1
-941.584
-938.113
-0.0375201
-0.181416
0.0100031
-0.110102
-11.8759
-101.139
112.779
-919.993
-102.357
1021.61
-47.2244
-38.8124
385.388
0.0111675
-1.5288
2.30787
0.0729971
-0.0125119
-0.0152097
-0.0828652
-0.181382
0.117741
-0.00548262
-0.184547
-0.0161033
0.0507083
-1.20473
-0.0764976
-0.337222
-0.0439697
-0.0330982
0.17083
0.624486
0.133462
0.123809
0.68789
0.0231839
-0.0972213
6.65338
0.248471
-0.0306797
0.0214094
-0.182641
91.7568
-1020.42
-926.189
93.1075
-9.20235
84.5177
-38.6618
-57.6025
388.46
-1.54
-0.521198
0.197646
-1.33531
-1330.96
0.0481398
1.25534
-1.81114
-0.0960574
1037.52
4334.65
-1069.1
-938.113
-941.584
-0.0375201
0.0100031
-0.181416
-0.110102
-102.357
-919.993
1021.61
-101.139
-11.8759
112.779
-38.8124
-47.2244
385.388
-1.5288
0.0111675
2.30787
0.0242525
0.0242525
-0.00637744
-0.0353681
0.154083
0.00676233
0.154083
-0.0353681
0.00676233
-0.179964
-0.179964
-0.0308651
-0.177623
-0.177623
0.00266288
0.12819
-0.647462
0.078835
-0.647462
0.12819
0.078835
1.15425
1.15425
-0.0727184
0.0645324
0.0645324
-0.0732764
83.888
-926.149
-843.805
-926.149
83.888
-843.805
385.371
385.371
-3897.62
-0.197646
-0.197646
1.00606
-0.177773
-0.530108
-1.43166
-0.530108
-0.177773
-1.43166
-1069.1
-1069.1
11761.3
-0.40851
-0.40851
-4.19182
-0.0372216
-0.0372216
-0.0765286
113.893
1022.1
-1136.29
1022.1
113.893
-1136.29
390.383
390.383
-3896.99
0.471714
0.471714
-0.391224
0.0162955
0.016102
-0.00155356
-0.0100963
0.027968
-0.00185284
-0.0100963
0.027968
0.00185284
0.0162955
0.016102
0.00155356
-0.0740894
-0.114823
0.00554188
0.0342053
-0.0319406
0.00189813
0.0342053
-0.0319406
-0.00189813
-0.0740894
-0.114823
-0.00554188
0.0678189
-0.0778239
0.00527268
-0.00589175
0.413315
0.00516548
-0.00589175
0.413315
-0.00516548
0.0678189
-0.0778239
-0.00527268
-941.584
-938.113
0.40851
-941.473
937.916
-0.397309
-941.473
937.916
0.397309
-941.584
-938.113
-0.40851
3767.74
-0.37335
8.41514e-16
0.0398147
-0.28458
0.484504
-0.0133142
0.446446
-0.583477
-0.0133142
0.446446
0.583477
0.0398147
-0.28458
-0.484504
-1.73201
-0.00154004
-6.32833e-16
0.016102
0.0162955
-0.00155356
0.027968
-0.0100963
0.00185284
0.027968
-0.0100963
-0.00185284
0.016102
0.0162955
0.00155356
-0.114823
-0.0740894
0.00554188
-0.0319406
0.0342053
-0.00189813
-0.0319406
0.0342053
0.00189813
-0.114823
-0.0740894
-0.00554188
-0.0778239
0.0678189
0.00527268
0.413315
-0.00589175
-0.00516548
0.413315
-0.00589175
0.00516548
-0.0778239
0.0678189
-0.00527268
-938.113
-941.584
0.40851
937.916
-941.473
0.397309
937.916
-941.473
-0.397309
-938.113
-941.584
-0.40851
-0.37335
3767.74
2.37769e-15
-0.28458
0.0398147
0.484504
0.446446
-0.0133142
0.583477
0.446446
-0.0133142
-0.583477
-0.28458
0.0398147
-0.484504
-0.00154004
-1.73201
2.02581e-15
-0.0204115
-0.0204115
0.00410436
0.0294307
-0.0294307
-0.000119449
-0.0294307
0.0294307
-0.000119449
0.0204115
0.0204115
0.00410436
0.142988
0.142988
0.0155029
-0.122696
0.122696
-0.0220231
0.122696
-0.122696
-0.0220231
-0.142988
-0.142988
0.0155029
-0.57432
-0.57432
0.112376
0.849592
-0.849592
-0.0909791
-0.849592
0.849592
-0.0909791
0.57432
0.57432
0.112376
0.0375201
0.0375201
-4.19182
-0.0890923
0.0890923
-4.55593
0.0890923
-0.0890923
-4.55593
-0.0375201
-0.0375201
-4.19182
8.41514e-16
2.37769e-15
1347.13
0.346281
0.346281
-0.168908
-0.585219
0.585219
-0.518555
0.585219
-0.585219
-0.518555
-0.346281
-0.346281
-0.168908
-8.90424e-17
-8.73228e-16
-1328.29
0.124351
1.7046e-05
-0.00778484
0.0469962
-0.0169269
0.0154433
0.0389266
-0.00341712
-0.00305095
0.0108272
-0.0134893
-0.00126122
-0.713025
0.0244686
0.0360689
-0.17412
0.0421317
0.00568033
-0.101597
-0.00293026
0.0017499
-0.0387499
0.0475908
-0.00139059
2.89767
0.0234001
-0.223009
0.56814
-0.154137
0.411145
0.559866
-0.137338
-0.0317089
0.0348205
0.0425194
-0.0111965
-47.2244
-38.8124
-390.383
-0.403487
-0.123433
0.260267
0.143585
0.0781599
-0.0333222
-0.181416
0.0100031
-0.0372216
0.0398147
-0.28458
0.346281
2714.38
1211.09
386.24
-1492.65
-0.824388
1.91922
-0.0449153
0.803843
-0.243475
0.466903
-0.647139
-0.358846
-1177.74
-1171.15
2.09744
1.7046e-05
0.124351
-0.00778484
-0.00341712
0.0389266
-0.00305095
-0.0169269
0.0469962
0.0154433
-0.0134893
0.0108272
-0.00126122
0.0244686
-0.713025
0.0360689
-0.00293026
-0.101597
0.0017499
0.0421317
-0.17412
0.00568033
0.0475908
-0.0387499
-0.00139059
0.0234001
2.89767
-0.223009
-0.137338
0.559866
-0.0317089
-0.154137
0.56814
0.411145
0.0425194
0.0348205
-0.0111965
-38.8124
-47.2244
-390.383
0.0781599
0.143585
-0.0333222
-0.123433
-0.403487
0.260267
0.0100031
-0.181416
-0.0372216
-0.28458
0.0398147
0.346281
1211.09
2714.38
386.24
0.803843
-0.0449153
-0.243475
-0.824388
-1492.65
1.91922
-0.647139
0.466903
-0.358846
-1171.15
-1177.74
2.09744
-0.0389695
-0.0389695
0.00455579
-0.0226327
-0.00836761
-0.00441524
-0.00836761
-0.0226327
-0.00441524
0.00188099
0.00188099
0.000995693
0.209259
0.209259
-0.0302927
0.0938044
0.0244629
-0.00020328
0.0244629
0.0938044
-0.00020328
-0.00812452
-0.00812452
0.00205525
-0.871894
-0.871894
0.128488
-0.361101
-0.162958
-0.125467
-0.162958
-0.361101
-0.125467
0.0164578
0.0164578
0.0138805
-385.388
-385.388
-3896.99
1.08711
0.158027
-0.0296088
0.158027
1.08711
-0.0296088
-0.110102
-0.110102
-0.0765286
0.484504
0.484504
-0.168908
386.24
386.24
3908.78
-1.22162
-0.0316826
-2.40273
-0.0316826
-1.22162
-2.40273
0.358846
0.358846
2.18802
-0.463774
-0.463774
-8.72164
0.0538814
-0.0201849
0.00131965
0.176759
0.0183094
0.0136511
0.0052355
0.0144878
-0.00300295
0.0292282
-0.00468958
0.00105151
-0.160889
0.1029
0.0844287
-0.808359
-0.0544554
-0.038754
-0.0388056
-0.00845262
-0.0102927
-0.167947
0.00403492
-0.0146399
0.421527
-0.215989
0.0352938
4.4773
0.168613
0.216071
0.0793485
0.0835317
-0.110541
0.685305
-0.0919603
0.0415334
-919.993
-101.139
-1022.1
-48.6372
38.1621
389.721
-0.144843
0.0341797
-0.010797
-11.8759
-102.357
113.893
-0.0133142
0.446446
-0.585219
-1492.65
0.803843
-1.22162
3646.59
-1006.75
521.724
0.413395
0.831819
0.296378
-0.0449153
-0.824388
0.0316826
-1178.34
1170.79
-1.96468
-0.00468958
0.0292282
-0.00105151
0.0183094
0.176759
-0.0136511
0.0144878
0.0052355
0.00300295
-0.0201849
0.0538814
-0.00131965
0.00403492
-0.167947
0.0146399
-0.0544554
-0.808359
0.038754
-0.00845262
-0.0388056
0.0102927
0.1029
-0.160889
-0.0844287
-0.0919603
0.685305
-0.0415334
0.168613
4.4773
-0.216071
0.0835317
0.0793485
0.110541
-0.215989
0.421527
-0.0352938
-102.357
-11.8759
-113.893
38.1621
-48.6372
-389.721
0.0341797
-0.144843
0.010797
-101.139
-919.993
1022.1
0.446446
-0.0133142
0.585219
-0.824388
-0.0449153
-0.0316826
-1006.75
3646.59
-521.724
0.831819
0.413395
-0.296378
0.803843
-1492.65
1.22162
1170.79
-1178.34
1.96468
-0.0116852
-0.00931351
0.0024964
0.0372451
-0.0372451
0.00200577
-0.0141999
0.0141999
0.00035693
0.00931351
0.0116852
0.0024964
0.112973
0.0540287
0.0165473
-0.192594
0.192594
-0.027308
0.0247343
-0.0247343
-0.00798257
-0.0540287
-0.112973
0.0165473
-0.462379
-0.20399
0.0697438
1.21083
-1.21083
-0.0427843
-0.212446
0.212446
-0.0308923
0.20399
0.462379
0.0697438
-1021.61
-112.779
-1136.29
384.764
-384.764
-3897.27
0.17162
-0.17162
-0.142526
112.779
1021.61
-1136.29
-0.583477
0.583477
-0.518555
1.91922
-0.243475
-2.40273
521.724
-521.724
6181.68
-0.296378
0.296378
2.0673
0.243475
-1.91922
-2.40273
0.242306
-0.242306
-8.49839
0.0292282
-0.00468958
-0.00105151
0.0052355
0.0144878
0.00300295
0.176759
0.0183094
-0.0136511
0.0538814
-0.0201849
-0.00131965
-0.167947
0.00403492
0.0146399
-0.0388056
-0.00845262
0.0102927
-0.808359
-0.0544554
0.038754
-0.160889
0.1029
-0.0844287
0.685305
-0.0919603
-0.0415334
0.0793485
0.0835317
0.110541
4.4773
0.168613
-0.216071
0.421527
-0.215989
-0.0352938
-11.8759
-102.357
-113.893
-0.144843
0.0341797
0.010797
-48.6372
38.1621
-389.721
-919.993
-101.139
1022.1
-0.0133142
0.446446
0.585219
-0.0449153
-0.824388
-0.0316826
0.413395
0.831819
-0.296378
3646.59
-1006.75
-521.724
-1492.65
0.803843
1.22162
-1178.34
1170.79
1.96468
-0.0201849
0.0538814
0.00131965
0.0144878
0.0052355
-0.00300295
0.0183094
0.176759
0.0136511
-0.00468958
0.0292282
0.00105151
0.1029
-0.160889
0.0844287
-0.00845262
-0.0388056
-0.0102927
-0.0544554
-0.808359
-0.038754
0.00403492
-0.167947
-0.0146399
-0.215989
0.421527
0.0352938
0.0835317
0.0793485
-0.110541
0.168613
4.4773
0.216071
-0.0919603
0.685305
0.0415334
-101.139
-919.993
-1022.1
0.0341797
-0.144843
-0.010797
38.1621
-48.6372
389.721
-102.357
-11.8759
113.893
0.446446
-0.0133142
-0.585219
0.803843
-1492.65
-1.22162
0.831819
0.413395
0.296378
-1006.75
3646.59
521.724
-0.824388
-0.0449153
0.0316826
1170.79
-1178.34
-1.96468
-0.00931351
-0.0116852
0.0024964
0.0141999
-0.0141999
0.00035693
-0.0372451
0.0372451
0.00200577
0.0116852
0.00931351
0.0024964
0.0540287
0.112973
0.0165473
-0.0247343
0.0247343
-0.00798257
0.192594
-0.192594
-0.027308
-0.112973
-0.0540287
0.0165473
-0.20399
-0.462379
0.0697438
0.212446
-0.212446
-0.0308923
-1.21083
1.21083
-0.0427843
0.462379
0.20399
0.0697438
-112.779
-1021.61
-1136.29
-0.17162
0.17162
-0.142526
-384.764
384.764
-3897.27
1021.61
112.779
-1136.29
0.583477
-0.583477
-0.518555
-0.243475
1.91922
-2.40273
0.296378
-0.296378
2.0673
-521.724
521.724
6181.68
-1.91922
0.243475
-2.40273
-0.242306
0.242306
-8.49839
0.0108272
-0.0134893
0.00126122
0.0389266
-0.00341712
0.00305095
0.0469962
-0.0169269
-0.0154433
0.124351
1.7046e-05
0.00778484
-0.0387499
0.0475908
0.00139059
-0.101597
-0.00293026
-0.0017499
-0.17412
0.0421317
-0.00568033
-0.713025
0.0244686
-0.0360689
0.0348205
0.0425194
0.0111965
0.559866
-0.137338
0.0317089
0.56814
-0.154137
-0.411145
2.89767
0.0234001
0.223009
-0.181416
0.0100031
0.0372216
0.143585
0.0781599
0.0333222
-0.403487
-0.123433
-0.260267
-47.2244
-38.8124
390.383
0.0398147
-0.28458
-0.346281
0.466903
-0.647139
0.358846
-0.0449153
0.803843
0.243475
-1492.65
-0.824388
-1.91922
2714.38
1211.09
-386.24
-1177.74
-1171.15
-2.09744
-0.0134893
0.0108272
0.00126122
-0.0169269
0.0469962
-0.0154433
-0.00341712
0.0389266
0.00305095
1.7046e-05
0.124351
0.00778484
0.0475908
-0.0387499
0.00139059
0.0421317
-0.17412
-0.00568033
-0.00293026
-0.101597
-0.0017499
0.0244686
-0.713025
-0.0360689
0.0425194
0.0348205
0.0111965
-0.154137
0.56814
-0.411145
-0.137338
0.559866
0.0317089
0.0234001
2.89767
0.223009
0.0100031
-0.181416
0.0372216
-0.123433
-0.403487
-0.260267
0.0781599
0.143585
0.0333222
-38.8124
-47.2244
390.383
-0.28458
0.0398147
-0.346281
-0.647139
0.466903
0.358846
-0.824388
-1492.65
-1.91922
0.803843
-0.0449153
0.243475
1211.09
2714.38
-386.24
-1171.15
-1177.74
-2.09744
-0.00188099
-0.00188099
0.000995693
0.00836761
0.0226327
-0.00441524
0.0226327
0.00836761
-0.00441524
0.0389695
0.0389695
0.00455579
0.00812452
0.00812452
0.00205525
-0.0244629
-0.0938044
-0.00020328
-0.0938044
-0.0244629
-0.00020328
-0.209259
-0.209259
-0.0302927
-0.0164578
-0.0164578
0.0138805
0.162958
0.361101
-0.125467
0.361101
0.162958
-0.125467
0.871894
0.871894
0.128488
0.110102
0.110102
-0.0765286
-0.158027
-1.08711
-0.0296088
-1.08711
-0.158027
-0.0296088
385.388
385.388
-3896.99
-0.484504
-0.484504
-0.168908
-0.358846
-0.358846
2.18802
0.0316826
1.22162
-2.40273
1.22162
0.0316826
-2.40273
-386.24
-386.24
3908.78
0.463774
0.463774
-8.72164
0.00488976
0.0122115
-0.00103177
-0.0188819
0.0186254
-0.00248795
-0.0188819
0.0186254
0.00248795
0.00488976
0.0122115
0.00103177
-0.0171316
-0.0865195
-0.000503376
0.0570756
-0.0262496
0.00215333
0.0570756
-0.0262496
-0.00215333
-0.0171316
-0.0865195
0.000503376
0.0839516
0.0944766
-0.0136747
-0.271408
0.221032
-0.0183012
-0.271408
0.221032
0.0183012
0.0839516
0.0944766
0.0136747
0.0111675
-1.5288
-0.471714
0.482601
0.955785
0.308417
0.482601
0.955785
-0.308417
0.0111675
-1.5288
0.471714
-1.73201
-0.00154004
-8.90424e-17
-1177.74
-1171.15
-0.463774
-1178.34
1170.79
0.242306
-1178.34
1170.79
-0.242306
-1177.74
-1171.15
0.463774
4713.21
1.40761
-1.45664e-15
0.0122115
0.00488976
-0.00103177
0.0186254
-0.0188819
0.00248795
0.0186254
-0.0188819
-0.00248795
0.0122115
0.00488976
0.00103177
-0.0865195
-0.0171316
-0.000503376
-0.0262496
0.0570756
-0.00215333
-0.0262496
0.0570756
0.00215333
-0.0865195
-0.0171316
0.000503376
0.0944766
0.0839516
-0.0136747
0.221032
-0.271408
0.0183012
0.221032
-0.271408
-0.0183012
0.0944766
0.0839516
0.0136747
-1.5288
0.0111675
-0.471714
0.955785
0.482601
-0.308417
0.955785
0.482601
0.308417
-1.5288
0.0111675
0.471714
-0.00154004
-1.73201
-8.73228e-16
-1171.15
-1177.74
-0.463774
1170.79
-1178.34
-0.242306
1170.79
-1178.34
0.242306
-1171.15
-1177.74
0.463774
1.40761
4713.21
-3.14819e-15
0.0116595
0.0116595
-0.00220184
-0.0128916
0.0128916
0.000528505
0.0128916
-0.0128916
0.000528505
-0.0116595
-0.0116595
-0.00220184
-0.0779926
-0.0779926
-0.00568056
0.0532159
-0.0532159
0.0102405
-0.0532159
0.0532159
0.0102405
0.0779926
0.0779926
-0.00568056
0.314077
0.314077
-0.0597699
-0.383596
0.383596
0.0556577
0.383596
-0.383596
0.0556577
-0.314077
-0.314077
-0.0597699
-2.30787
-2.30787
-0.391224
1.62894
-1.62894
0.217768
-1.62894
1.62894
0.217768
2.30787
2.30787
-0.391224
-6.32833e-16
2.02581e-15
-1328.29
2.09744
2.09744
-8.72164
-1.96468
1.96468
-8.49839
1.96468
-1.96468
-8.49839
-2.09744
-2.09744
-8.72164
-1.45664e-15
-3.14819e-15
1363.08
0
1
2
3
4
5
6
7
8
9
10
11
12
13
14
15
16
17
18
19
20
21
22
23
24
25
26
27
28
29
30
31
32
33
34
35
36
37
38
39
40
41
42
43
44
45
46
47
48
49
50
51
52
53
54
55
56
57
58
59
60
61
62
63
64
65
