name: HB/bcsstk02  n: 66 entries: 5175  (jumbled version)
66 1
0
81
156
235
317
395
471
543
621
703
776
854
934
1011
1090
1168
1243
1322
1400
1476
1556
1633
1712
1788
1862
1940
2024
2106
2184
2262
2349
2434
2511
2593
2674
2748
2831
2915
2991
3073
3151
3229
3310
3390
3473
3549
3631
3708
3786
3860
3939
4010
4086
4162
4241
4321
4404
4479
4555
4632
4712
4793
4871
4943
5021
5098
5175
57
60
38
54
9
2
33
39
45
3
0
13
35
30
64
22
8
48
31
52
44
43
19
59
18
20
16
37
28
49
28
7
62
41
21
63
12
23
29
34
4
11
33
20
21
54
52
27
17
13
32
63
16
40
6
25
24
47
14
10
55
42
53
5
58
61
26
60
56
15
36
50
51
65
42
22
6
37
1
48
46
24
51
5
39
38
14
46
6
30
42
56
40
31
32
57
12
41
25
60
3
20
0
13
4
43
62
29
23
35
64
2
31
28
64
33
63
32
9
17
58
10
36
25
13
55
54
48
61
1
7
11
53
49
22
21
45
18
59
47
16
54
8
37
19
52
34
15
50
27
53
45
65
28
26
44
21
47
35
13
63
5
35
52
42
36
48
12
46
59
33
43
51
15
30
26
9
55
52
54
57
7
22
17
38
32
44
58
39
33
49
65
24
41
19
62
53
60
39
41
18
34
32
28
34
16
14
2
61
11
1
50
3
46
10
37
28
4
25
20
8
23
55
45
64
56
13
31
40
59
27
4
29
0
6
62
27
43
61
3
26
37
39
25
0
10
20
17
33
47
56
7
60
39
1
64
32
34
15
47
21
10
52
38
65
8
49
54
57
13
45
3
11
55
31
29
48
42
4
9
12
6
24
30
58
5
29
57
55
18
35
14
53
17
2
16
19
56
41
28
19
44
42
22
23
40
59
32
38
36
7
51
41
46
50
4
63
13
0
54
43
60
16
39
12
41
19
53
57
42
25
27
36
31
60
18
20
9
64
23
17
53
49
15
52
50
58
14
30
63
7
45
10
44
21
3
34
35
1
62
56
6
38
29
55
48
3
55
59
8
33
2
47
35
24
37
40
22
51
46
5
57
4
54
4
32
65
26
11
7
28
5
2
48
61
42
45
62
4
40
25
39
8
15
30
2
33
43
59
13
0
28
53
30
17
24
54
49
35
64
10
46
9
50
63
22
19
58
41
55
12
26
33
38
18
58
56
48
29
47
60
57
1
3
34
12
14
4
27
7
16
53
5
51
11
43
32
52
44
65
6
31
20
36
21
40
37
23
32
37
61
27
42
54
46
38
19
36
0
20
15
34
21
62
2
30
51
32
61
59
7
49
33
63
40
22
58
43
37
25
35
4
0
53
23
44
18
16
64
12
26
65
3
24
11
25
9
47
36
1
39
57
27
28
50
5
62
41
13
31
56
55
42
52
45
60
8
14
17
48
29
10
6
60
36
36
59
0
65
16
41
18
20
54
25
61
15
29
18
21
37
1
3
3
63
19
29
47
44
46
27
51
62
35
4
6
32
12
56
14
15
28
64
11
61
24
8
42
9
34
58
2
41
10
52
7
13
5
30
39
46
33
7
4
17
50
26
28
48
40
49
31
57
38
23
55
43
53
22
49
45
35
22
28
19
57
8
10
58
64
38
45
65
4
28
29
19
7
21
41
47
5
1
36
62
24
58
20
30
9
36
18
55
63
48
33
32
43
39
51
16
26
60
25
6
14
46
13
27
53
15
3
35
38
61
47
56
31
23
17
12
54
52
50
42
0
14
39
49
2
59
13
57
20
21
37
44
34
25
29
15
40
11
47
28
14
2
38
33
31
20
42
35
8
59
52
23
1
5
27
0
56
34
16
26
51
61
37
25
60
19
13
29
24
15
12
41
4
17
30
7
62
21
57
65
9
26
53
57
53
32
48
45
39
40
43
6
51
39
3
44
36
18
49
58
64
54
11
46
55
50
14
60
22
63
10
42
3
48
8
45
19
14
31
51
59
25
6
16
12
54
49
47
28
32
24
23
33
33
37
35
55
34
38
62
11
58
57
10
29
41
0
7
9
13
17
64
27
52
20
3
22
40
56
44
2
37
64
5
51
46
39
21
61
30
18
58
26
45
60
44
26
43
4
55
1
50
36
35
15
34
65
53
63
1
22
12
32
17
19
4
10
59
13
30
64
53
3
57
21
18
36
40
20
63
51
34
57
25
6
49
37
46
51
5
40
15
56
59
47
48
55
38
45
16
58
2
28
43
29
0
30
32
31
60
39
26
63
23
62
14
27
44
36
42
16
52
11
41
9
42
24
61
8
19
64
29
50
65
35
7
43
54
33
43
53
35
6
54
13
43
36
5
16
32
47
3
41
0
39
19
9
45
55
45
26
44
59
17
15
28
12
31
64
22
8
58
48
41
40
23
58
24
30
49
42
53
2
14
21
25
64
4
27
62
60
32
15
11
52
51
46
63
38
19
37
20
1
5
50
34
61
57
18
33
10
7
56
65
55
29
61
43
54
15
40
57
56
4
35
39
13
8
49
55
34
17
43
20
64
16
14
2
31
16
63
53
24
58
0
52
36
19
33
28
20
6
26
2
22
25
37
5
8
62
42
45
21
32
65
55
10
12
1
0
23
7
27
50
33
3
47
19
25
29
38
18
14
48
44
9
41
1
51
11
30
46
22
59
60
20
15
59
60
51
21
54
30
38
23
32
52
2
47
57
27
45
35
65
4
14
33
56
18
36
41
29
37
53
0
8
48
44
9
58
38
3
7
26
9
17
55
46
39
25
62
31
34
24
24
43
8
25
5
22
42
10
27
13
63
16
12
64
28
40
45
30
6
36
13
1
16
11
49
56
61
19
50
56
45
60
64
26
51
58
13
50
19
61
20
59
10
24
62
22
57
14
15
39
9
63
48
34
41
18
21
31
33
2
53
21
42
0
24
11
46
47
30
5
3
38
43
4
6
35
23
44
12
54
36
12
32
25
42
35
8
16
49
27
1
28
65
7
52
37
29
17
41
7
36
40
8
55
20
64
62
41
52
54
36
58
59
13
4
14
36
11
16
22
1
29
11
21
53
43
24
2
45
57
64
15
49
27
38
6
5
35
13
32
25
63
46
32
23
21
55
37
26
7
28
0
24
34
31
39
50
17
19
12
8
38
60
44
18
33
61
60
48
0
9
40
30
14
47
51
3
65
10
56
35
61
42
14
55
40
0
1
5
6
46
31
13
8
48
43
17
16
28
37
58
25
38
54
65
30
62
57
44
64
35
45
7
18
24
34
52
9
41
20
30
50
63
26
15
26
23
21
32
57
19
63
51
12
60
3
2
33
51
42
49
53
31
62
27
4
47
11
10
3
56
60
36
61
50
35
59
29
29
39
22
19
44
53
30
29
3
18
38
34
37
21
2
28
46
49
32
60
21
1
20
22
7
4
16
11
7
58
17
6
39
63
64
52
40
51
26
41
55
54
47
23
9
15
57
47
27
31
43
14
59
25
26
49
8
10
55
61
39
65
45
35
36
48
42
5
56
41
62
33
24
12
29
13
0
50
25
6
56
25
57
60
22
24
27
17
62
14
52
20
47
8
61
41
29
54
51
11
9
59
65
61
31
42
28
35
38
39
0
64
1
55
5
25
58
59
23
2
40
16
3
34
21
32
60
20
45
33
18
30
8
26
50
7
48
46
19
10
29
37
44
12
11
43
36
4
13
36
63
15
13
53
12
40
3
43
49
10
4
15
0
58
33
62
29
63
11
22
0
8
38
24
45
45
8
6
16
1
61
43
32
49
26
34
5
2
32
41
55
59
13
52
35
40
46
12
13
53
19
39
50
31
17
37
51
23
18
27
44
65
56
30
21
60
48
31
14
7
20
49
47
24
3
41
19
28
42
57
59
9
25
36
54
64
62
59
17
52
30
31
14
22
23
15
0
5
1
18
41
55
49
12
65
10
0
56
37
28
21
29
36
26
34
48
27
8
38
51
39
54
38
25
28
18
50
33
64
24
13
4
36
19
3
60
43
42
47
63
46
53
6
16
45
61
7
49
58
16
30
40
57
43
15
60
9
31
2
11
8
32
44
35
20
11
52
49
47
31
39
58
13
18
0
47
6
25
53
1
34
45
42
14
60
24
46
5
7
37
2
30
52
22
0
33
38
56
15
44
59
54
26
36
43
17
51
41
63
10
23
59
16
55
29
19
21
28
50
12
61
40
30
60
32
65
4
31
8
57
27
35
13
39
9
64
48
55
20
3
62
33
12
13
6
53
43
5
25
59
19
2
10
49
38
57
60
51
32
35
8
46
30
49
4
52
62
63
22
24
23
63
28
64
61
55
34
58
48
33
26
41
14
37
50
56
55
65
44
7
40
36
15
45
47
27
16
3
20
1
17
36
58
45
18
11
21
37
42
29
0
39
54
9
31
65
36
37
7
14
48
19
46
23
26
56
33
27
34
3
61
45
28
10
50
22
13
30
32
64
38
57
2
55
35
53
47
29
49
15
11
44
63
64
6
31
25
16
1
4
32
20
43
14
42
20
52
51
8
54
37
15
40
62
24
30
0
58
39
25
52
41
60
59
12
17
18
40
5
21
9
49
16
14
1
2
49
24
57
5
23
46
50
59
34
26
32
54
42
24
26
13
28
63
6
19
0
38
8
48
27
7
53
39
20
47
52
36
25
41
1
31
54
15
55
19
56
3
43
12
10
11
44
61
16
9
46
22
13
17
14
30
8
62
61
32
42
64
41
6
40
21
45
29
33
37
18
4
65
29
18
60
51
58
35
36
39
29
56
36
44
59
37
54
17
18
2
34
32
47
8
47
45
3
19
51
9
5
9
49
61
28
40
31
1
35
18
55
59
13
15
23
17
20
10
25
30
38
14
36
50
11
58
52
46
65
0
64
21
45
50
41
53
42
27
24
10
33
48
57
43
22
29
33
4
26
40
25
16
12
27
30
39
7
60
63
6
43
62
23
26
57
7
34
59
47
0
21
22
25
11
54
43
6
32
14
51
8
12
38
27
6
49
65
61
24
9
53
15
5
62
19
20
53
37
64
41
29
18
55
58
2
30
56
33
63
52
45
60
33
38
1
46
26
4
31
45
36
35
35
50
42
50
10
39
17
28
48
16
13
59
65
44
14
40
55
3
44
27
1
65
57
36
22
38
20
60
54
11
58
16
30
42
34
12
35
2
30
28
26
43
53
61
5
50
52
48
18
47
19
45
29
13
32
25
8
42
3
39
31
2
49
56
0
17
62
32
63
64
51
23
55
8
4
9
31
15
46
21
41
10
21
59
24
1
40
33
37
61
6
60
14
7
0
7
5
41
21
37
60
47
17
30
15
36
28
58
49
50
53
45
52
7
32
37
6
23
58
18
27
54
40
43
7
44
18
20
64
57
45
34
17
31
59
35
10
26
61
63
25
42
48
22
16
40
9
46
33
24
65
51
12
26
29
51
0
57
19
38
19
14
62
63
56
65
25
8
13
36
11
3
11
30
8
3
41
43
4
39
1
2
55
34
46
14
48
40
21
26
24
52
43
16
39
12
44
62
10
59
42
36
49
22
4
64
17
33
26
47
11
54
55
11
56
17
1
22
45
57
31
47
34
50
29
7
0
45
21
35
41
53
3
38
8
37
30
32
6
38
58
2
65
28
39
5
51
19
61
20
59
61
5
60
13
63
65
9
28
18
14
25
37
24
27
29
15
23
16
60
31
65
43
24
32
1
8
27
54
12
36
45
5
55
37
17
3
61
22
20
1
42
10
53
62
41
11
20
30
38
35
28
58
14
9
64
50
15
48
60
52
63
44
13
49
34
33
17
29
51
26
39
7
19
34
47
23
25
59
2
46
40
18
53
6
21
4
63
28
56
21
0
22
57
47
41
29
14
5
34
58
11
64
1
38
48
18
35
47
40
16
19
0
44
51
23
21
4
65
10
26
8
3
1
59
2
24
42
57
37
56
30
24
60
22
20
16
25
47
6
31
49
63
32
58
2
17
43
7
45
46
52
3
63
11
12
52
9
53
39
28
33
62
20
54
12
13
32
5
15
61
27
28
36
25
50
55
38
6
52
15
64
49
34
50
13
51
33
27
16
4
57
21
32
5
31
62
63
27
60
55
59
26
25
18
41
19
43
17
40
58
12
20
10
10
40
47
1
8
3
36
28
56
11
39
42
58
30
22
14
36
23
44
48
54
7
26
24
2
37
13
35
0
9
2
23
43
46
46
5
49
0
42
65
61
45
53
29
42
12
7
54
41
47
2
28
44
46
55
5
18
58
1
29
52
9
21
51
62
17
24
11
13
16
26
3
25
8
14
52
27
10
33
23
10
31
30
53
55
51
22
30
65
43
50
60
31
56
2
32
36
38
0
4
39
40
45
6
34
15
57
20
61
63
49
19
48
37
59
35
64
60
34
60
25
58
43
1
20
17
2
44
54
23
65
21
47
14
0
27
51
13
57
36
16
64
42
59
45
27
18
5
26
46
41
15
39
15
4
52
10
62
33
24
40
29
31
35
54
48
8
64
4
22
63
61
6
32
52
11
16
50
9
37
46
53
7
2
17
49
12
28
38
55
56
30
10
45
3
43
62
8
56
19
49
6
25
31
50
29
35
65
10
59
25
45
5
29
58
8
16
12
36
56
15
49
6
18
21
52
19
9
19
41
15
32
48
33
23
28
42
38
14
2
4
46
8
33
55
11
51
61
30
26
61
63
44
14
62
47
7
27
53
43
38
3
0
65
26
1
17
37
64
11
16
60
7
40
57
23
22
21
46
39
24
34
13
20
54
39
0
50
29
49
10
1
48
38
28
23
46
65
24
10
61
65
33
16
31
63
47
32
62
23
20
21
41
29
45
2
8
38
53
6
30
40
26
30
18
13
64
7
9
27
34
60
24
22
57
42
44
3
0
25
52
54
35
55
37
4
15
51
5
36
43
56
59
14
58
5
19
62
11
12
17
43
3
48
17
39
25
47
38
33
6
37
49
46
37
36
1
43
21
9
15
29
64
52
16
7
53
20
40
12
42
19
30
51
59
65
34
50
26
47
11
56
24
39
28
21
5
14
60
63
31
3
32
27
61
36
18
54
58
0
57
23
62
59
44
2
22
13
51
55
30
44
16
27
60
14
45
8
41
4
8
10
35
53
27
2
37
20
3
34
23
9
39
11
21
46
45
9
7
10
25
42
17
54
28
62
44
48
65
31
25
51
2
22
57
47
6
52
1
64
56
30
18
8
32
51
49
15
43
35
55
60
58
14
22
5
3
61
50
38
19
33
8
40
59
36
13
63
26
53
4
24
38
29
30
41
60
16
18
0
12
25
15
3
36
44
60
24
6
55
16
26
20
41
37
11
60
44
22
17
54
5
14
19
28
38
32
46
34
33
11
53
4
54
27
29
59
35
56
48
58
49
51
26
9
8
7
63
29
21
62
61
42
30
5
52
0
47
19
62
40
43
1
24
33
18
45
12
23
13
50
31
65
64
39
10
57
65
2
11
8
15
12
40
45
29
18
36
46
25
4
2
41
14
38
21
61
33
26
10
7
63
52
39
31
64
1
15
54
34
41
18
63
29
56
17
51
27
43
19
57
49
53
3
47
42
46
12
30
62
7
25
60
6
54
24
43
59
35
22
28
23
55
50
2
20
44
58
3
64
37
20
48
5
13
16
65
0
9
32
54
24
8
44
34
2
64
15
62
28
15
4
5
3
44
40
0
21
53
48
31
63
9
26
33
56
25
3
11
49
6
46
57
17
39
41
27
18
36
0
11
58
52
1
32
16
50
43
45
13
28
33
23
25
49
65
42
14
38
37
30
12
29
10
6
56
51
22
35
55
47
57
60
59
20
48
65
61
19
7
33
10
22
47
61
62
4
45
48
0
14
58
55
23
54
27
59
13
59
15
6
5
46
54
35
28
1
19
57
51
17
7
24
18
53
20
33
52
26
41
40
42
31
44
12
64
12
38
46
29
9
29
16
49
11
19
25
35
13
21
21
60
30
64
8
38
39
65
50
56
26
63
32
36
11
43
37
41
2
60
34
3
5
46
27
4
28
59
24
40
0
7
62
64
42
18
42
63
54
53
21
6
15
37
31
19
23
52
58
48
17
61
10
60
65
65
22
13
12
30
10
16
9
1
34
57
55
48
32
5
57
50
40
25
20
2
26
47
41
33
49
39
51
43
38
35
8
56
38
44
54
58
29
45
3
36
11
14
63
42
59
1
53
5
14
56
49
28
55
27
6
10
35
12
43
36
18
23
52
20
51
32
46
54
0
65
30
15
50
58
26
45
12
25
62
56
48
20
8
37
63
47
17
9
14
59
40
61
11
30
39
33
52
49
23
44
27
38
34
64
60
13
7
57
21
24
35
31
41
19
2
29
4
16
10
22
54
1
3
26
29
49
37
47
22
10
60
15
6
45
4
25
54
35
17
28
57
16
2
23
24
51
33
20
59
0
33
41
55
26
21
48
50
65
3
35
18
14
34
2
38
43
46
29
25
31
7
9
27
61
44
56
36
36
1
64
51
30
8
39
43
58
62
13
5
63
32
50
7
41
40
11
12
19
52
63
42
53
30
26
24
17
11
44
31
59
6
32
22
52
23
49
47
8
16
45
3
10
63
53
46
58
56
2
42
15
57
32
4
41
22
65
55
56
19
36
37
26
29
50
54
1
30
49
43
31
62
20
64
21
18
48
40
9
38
14
61
39
13
35
12
33
18
38
27
60
34
54
8
7
51
5
0
3
25
28
4
18
37
62
52
7
44
26
40
6
42
15
46
65
47
29
49
45
36
10
25
33
53
43
27
55
4
11
16
59
54
64
0
21
58
57
14
61
3
51
28
0
50
41
13
23
61
1
42
34
39
44
2
53
63
32
20
48
24
35
52
30
17
64
38
5
19
9
56
60
8
22
12
31
42
7
36
16
26
20
10
55
38
53
13
19
65
20
49
64
44
28
3
21
47
40
58
50
15
30
22
24
37
18
63
9
35
41
27
14
5
59
57
31
33
21
43
51
56
6
24
53
60
1
29
63
12
54
8
48
23
45
17
2
23
45
25
61
18
11
62
39
32
47
35
42
33
7
52
34
0
4
46
64
45
26
58
53
37
52
12
41
27
19
30
48
60
7
56
35
24
51
27
42
26
49
20
9
0
10
39
25
40
31
17
65
46
32
11
65
34
13
43
15
36
50
57
6
59
23
4
47
1
33
22
14
21
18
5
62
44
55
2
46
63
16
17
29
54
3
28
38
61
8
28
37
65
57
23
55
43
9
17
33
39
1
30
15
46
45
26
16
22
29
31
9
2
24
14
11
47
20
7
36
4
12
8
54
38
63
10
13
46
25
41
59
39
51
10
62
60
21
5
49
35
40
48
53
61
29
11
52
19
58
42
34
50
64
18
38
44
0
34
6
27
3
17
32
58
56
33
40
60
47
30
25
48
34
22
51
50
55
2
0
20
27
34
44
45
7
8
63
37
41
59
55
35
12
18
57
1
64
46
15
3
35
14
17
13
36
24
42
38
49
23
56
5
31
29
53
16
22
62
24
0
9
61
4
48
28
32
32
21
52
10
58
65
54
45
43
19
26
11
6
2
39
55
8
25
60
27
39
32
29
31
12
5
3
14
22
50
48
61
57
59
65
30
1
11
9
51
45
20
34
10
18
2
39
4
54
42
47
36
64
38
49
27
62
13
46
5
19
24
35
58
26
21
33
40
41
15
44
53
7
63
55
9
4
0
28
6
16
53
17
12
56
52
31
1
43
37
23
48
64
49
7
55
50
57
30
36
45
59
4
29
63
59
11
0
42
14
27
51
23
56
41
38
60
47
16
44
20
12
2
5
4
21
19
40
34
43
61
31
22
35
26
45
56
65
25
13
43
32
37
10
8
17
9
0
61
39
40
6
33
15
64
54
53
18
62
52
46
1
35
24
44
3
58
28
25
48
41
49
47
1
8
52
51
14
19
24
27
18
39
49
4
63
42
59
4
33
7
16
22
50
34
15
17
30
27
60
64
36
28
35
23
45
44
53
26
12
34
55
46
10
23
56
65
37
57
58
2
13
22
43
61
18
65
41
3
0
13
38
56
25
21
58
11
63
62
31
40
1
48
29
10
2
32
20
47
54
53
5
3
12
9
52
6
18
59
19
1
7
55
0
20
3
60
52
25
23
61
57
44
58
30
17
40
8
63
64
9
13
53
38
10
62
31
54
50
26
24
22
15
14
36
35
33
48
21
37
34
56
27
49
4
5
43
55
51
45
59
42
54
12
47
35
41
2
42
39
6
45
28
65
46
47
11
16
29
32
14
3
49
46
64
8
35
39
16
23
42
53
61
3
14
21
43
20
10
63
59
3
51
4
27
13
38
33
44
60
44
61
17
0
31
40
54
57
50
30
12
26
5
62
37
36
9
19
2
17
11
56
18
25
58
47
42
52
29
1
32
28
22
9
55
41
11
15
7
65
4
29
6
48
34
45
24
8
32
0
2
54
13
11
38
44
10
49
5
51
29
55
5
41
35
55
19
40
46
47
9
36
48
51
22
45
61
1
37
10
7
26
8
60
64
43
12
52
33
56
31
53
16
33
15
65
25
57
14
44
62
20
18
58
50
8
4
29
6
63
39
59
23
42
21
24
27
32
12
3
30
23
28
17
34
25
27
21
27
43
52
23
8
1
40
59
18
20
7
20
46
45
22
12
62
45
26
19
63
37
51
28
50
26
41
24
11
9
33
61
13
43
49
60
65
30
29
19
54
2
36
10
56
17
58
6
14
44
16
0
11
34
31
56
39
3
38
35
57
4
64
55
30
53
42
61
38
48
2
54
15
47
32
5
22
21
28
16
15
46
50
39
57
23
18
62
54
25
31
55
51
47
43
28
38
12
19
4
8
38
9
0
52
27
14
5
65
40
32
36
10
58
44
39
53
34
0
21
31
48
17
9
13
1
29
30
35
41
64
33
34
16
22
49
56
2
60
59
6
24
45
37
3
22
61
40
20
11
17
7
42
4
19
26
63
43
12
20
50
8
21
44
65
51
29
9
22
7
43
65
42
54
5
30
52
16
0
46
61
6
34
45
18
4
55
41
63
16
62
15
59
24
57
53
11
28
64
35
19
30
57
58
47
36
54
13
28
26
27
39
36
37
48
19
17
60
1
31
56
48
25
33
49
2
3
40
7
59
10
25
32
14
38
23
37
6
50
17
27
8
18
36
15
1
7
0
21
29
64
62
52
4
37
47
20
49
63
40
41
45
3
28
58
39
54
33
56
51
60
55
42
62
43
53
38
40
31
35
44
57
2
11
61
10
26
46
16
32
23
48
24
9
17
13
65
19
14
35
22
34
6
30
5
59
25
12
41
49
61
0
44
23
46
60
15
24
57
27
52
59
55
43
19
41
32
16
28
8
36
31
7
20
18
25
63
11
12
23
37
3
40
33
31
48
32
22
29
53
13
42
17
1
30
51
54
49
38
4
55
26
50
9
6
34
46
58
47
21
62
2
65
39
0
17
11
56
64
5
45
44
14
29
10
35
12
6
40
43
41
32
35
57
47
48
59
45
42
17
4
1
20
19
26
51
50
11
60
27
48
43
64
49
10
5
52
39
55
1
63
41
0
11
23
56
24
12
31
25
9
54
10
46
37
38
35
16
24
16
53
65
8
62
14
36
15
21
29
61
22
3
44
33
28
34
53
30
58
13
18
7
2
12
5
1
36
40
43
58
2
9
51
30
4
60
8
36
64
44
29
25
37
3
42
11
23
29
55
30
50
14
7
49
15
18
35
59
16
65
28
40
27
20
52
37
39
13
31
10
61
47
61
34
56
62
63
0
38
21
53
6
44
55
57
50
32
17
24
33
42
27
54
41
22
48
19
46
45
26
0.0292282
0.0523879
0.179964
0.0538814
-490.288
775.784
0.454294
-0.212499
-0.0125119
-1386.8
1990.33
0.466706
0.0243121
0.583363
0.0122115
0.0254577
0.0262199
0.0162955
-0.146798
1.7046e-05
0.0108515
-0.0248233
0.0447455
-0.00931351
0.154605
0.0553696
0.0378071
0.487612
0.368168
0.016102
-0.0787629
0.392058
-0.00188099
-0.0526655
0.222991
0.28082
-59.4381
-0.225766
-0.640284
0.00205195
-0.267855
0.0251003
-0.0304466
0.0143036
-0.021597
0.0770916
0.326135
0.42174
-0.649846
-38.6059
-0.0871747
0.00488976
-0.07465
-0.00346643
0.24295
-0.11502
5.06186
0.0242525
-385.481
-490.205
-0.00468958
-0.0754533
-0.0389695
-0.466904
-0.0201849
-0.0134893
-0.606937
0.0108272
-0.0116852
0.0466086
-1.20473
-0.0204115
0.124351
0.0116595
0.169042
-0.136564
-1.13048
0.0507083
567.912
0.0982632
0.0729971
-0.11502
1.7046e-05
0.0262199
-0.0248233
0.179964
-385.481
-0.0125119
-0.267855
-0.0787629
-0.00346643
-0.00931351
-0.0754533
0.427368
0.269971
-0.00468958
-38.6059
0.0108515
5.06186
-0.0134893
0.392058
-0.649846
567.912
-59.4381
-1.13048
-0.212499
-0.00188099
-0.0871747
-0.225766
0.0243121
0.00488976
775.784
0.42174
0.583363
0.403491
0.00205195
0.0122115
-0.640284
-490.205
0.0143036
0.0538814
-490.288
0.0507083
0.0918258
0.248216
0.0292282
0.272957
0.016102
0.0108272
1990.33
-1386.8
0.0251003
-0.0389695
0.0162955
-0.021597
-0.136564
0.363613
-0.07465
-0.0116852
0.0242525
0.154605
-0.0201849
-0.466904
-1.20473
0.0466086
0.124351
-0.0304466
0.0447455
-0.0204115
-0.146798
0.0278642
0.0729971
0.0116595
0.394284
-0.606937
-0.0526655
-0.237089
-0.00637744
0.00552773
-388.557
-0.00103177
-1.02514
0.0982647
0.320816
0.00236739
0.0764976
-0.00155356
-388.557
-0.0152097
0.0024964
0.207596
-0.00553496
-0.00778484
-0.553346
-0.0277104
0.079704
-0.0251003
-0.00105151
-0.00778484
0.00131965
-0.00105151
-0.053135
-0.237089
-0.020746
-0.0308651
0.0181363
6.17619e-05
0.00131965
0.08285
0.037226
-0.00155356
-0.00220184
-0.337238
0.513225
-0.553346
0.000995693
0.00455579
0.00126122
-0.00553496
6.17619e-05
-0.027228
0.308368
0.074426
0.489823
0.037226
-0.027228
-3897.53
7797.07
0.00126122
-0.32666
775.784
0.00410436
-0.053135
0.347194
-0.0251003
0.0764976
-0.0277104
0.262994
-0.337238
-0.020746
-1.02514
-0.0465557
0.485244
-0.0152097
-0.00103177
0.0024964
0.108702
0.110987
0.00236739
0.05414
0.110987
-0.00304816
0.074426
775.784
-0.00304816
0.00836761
6.56901
-0.0455285
-0.0169269
0.548507
-0.0920349
-0.00548262
0.387137
-0.100585
-1386.8
-0.267855
0.360423
386.582
0.41147
0.0551165
0.0372451
490.312
0.0389266
-1.09651
0.392058
0.0186254
0.114551
-0.000773718
-58.5567
-0.0353681
-5.37811
0.369009
-0.00341712
-0.154083
-0.0128916
0.0504023
0.027968
0.176759
0.0386458
71.418
-0.184547
3060.65
0.00304816
0.0183094
0.306412
0.480116
-0.0100963
0.306128
-710.327
-1.13048
-1066.01
-490.356
0.248145
-0.0738641
0.0144878
-1533.01
1.00508
0.0052355
0.0952533
-0.0274214
0.0549392
710.379
-0.0226327
0.790862
-0.053135
38.6301
0.468472
0.358928
-0.160836
0.264895
0.249666
-0.00651007
-0.0140005
70.5226
47.1606
-0.0469509
0.0141999
0.313659
0.490299
-0.181382
0.410699
0.0469962
0.304008
-0.0828652
0.0294307
0.41656
-0.0188819
-5.37811
-0.267855
0.181698
-0.0140005
0.381262
-58.5567
-0.0469509
70.5226
0.160836
-0.0274214
0.286048
0.362853
-0.0455285
0.41147
0.264895
-0.0828652
-0.0738641
-0.00341712
0.249666
-0.360423
0.392058
-0.0188819
-710.379
-386.582
-0.00836761
-0.0100963
38.6301
0.0389266
-0.0294307
0.0052355
-47.1606
0.306412
0.0186254
0.0994972
-0.00548262
-1386.8
0.00651007
71.418
-710.327
0.248145
0.0920349
-1.13048
0.0226327
-0.0372451
490.312
0.0353681
-1.00508
0.176759
0.027968
0.41656
0.46413
-0.0141999
-0.0504023
-0.100585
0.262994
0.154083
0.330058
-0.000773718
-0.184547
-1.09651
-1066.01
-0.0169269
-0.181382
1533.01
0.0144878
3060.65
0.0183094
0.131259
-0.114551
0.0128916
-0.0549392
0.053135
-490.356
6.56901
0.242268
-0.00304816
0.959843
0.0469962
0.00311767
-0.0161033
-0.00441524
0.242268
0.074228
-0.0404939
-0.074228
-0.234861
389.148
0.0077342
-1.02514
0.250792
0.101339
0.00035693
-47.476
-0.466904
-0.380074
0.335053
0.132127
-3897.23
0.460779
0.0136511
0.00185284
-0.0532046
0.00248795
0.466904
0.117741
-0.0262199
-0.000119449
-0.00248795
-710.389
-0.164121
0.137856
-0.0264454
-0.0136511
0.212123
-0.0532046
0.0404939
0.00676233
0.164121
-0.00300295
0.00200577
-0.00185284
-0.0064657
0.00676233
0.00305095
0.00300295
0.0262199
-1533.01
-0.460779
710.389
-474.485
1533.01
0.380074
0.0504023
-389.148
-0.00441524
8746.03
0.0154433
-1.02514
-0.00311767
0.485022
-0.00305095
-0.00052924
0.000528505
-0.0504023
-0.0077342
-0.00505008
-0.117741
47.476
0.367349
0.258363
-474.485
0.010514
0.0161033
-0.0154433
-0.0738641
-1.09651
0.0052355
-0.00548262
0.0353681
38.6301
-0.184547
-1.13048
-386.582
-0.0274214
-0.100585
-1066.01
0.0226327
-0.00304816
6.56901
0.0389266
-1.00508
-0.00341712
-0.0372451
-710.327
0.027968
0.248145
-0.0188819
-0.0455285
71.418
0.0183094
-0.0469509
-0.0828652
-0.000773718
0.0920349
490.312
0.24295
-0.00836761
-710.379
0.160836
-58.5567
0.249666
0.0186254
-5.37811
-0.0549392
0.0128916
-490.356
0.41147
0.053135
0.162088
-1386.8
0.154083
0.146815
-0.267855
-0.0140005
0.176759
0.11888
0.306412
-0.0294307
-0.0504023
0.380577
0.00651007
70.5226
0.264895
-0.0141999
0.0144878
0.192857
-0.0169269
-0.181382
0.0469962
1533.01
-47.1606
-0.360423
-0.0100963
-0.114551
0.392058
3060.65
-0.0169269
0.0697775
-0.00548262
0.0372451
0.392058
-0.0128916
-0.0274214
0.343451
0.055301
386.582
0.0144878
0.248145
0.614401
0.414901
0.114551
38.6301
70.5226
-0.181382
-1386.8
490.312
0.410699
0.0186254
-58.5567
0.39541
-0.0353681
-0.160836
0.295374
0.306412
-0.00341712
0.00836761
0.0549392
-490.356
-710.327
1.00508
71.418
0.0141999
710.379
0.249666
0.418613
-0.0188819
0.00304816
0.0389266
-0.100585
-1533.01
-0.0469509
-0.267855
0.41147
0.176759
-0.053135
-0.00651007
-1.13048
0.0469962
3060.65
-1066.01
0.0504023
0.264895
-0.0455285
-0.184547
-0.000773718
0.208374
0.0994972
0.360423
0.0294307
-0.0920349
-0.0738641
0.027968
-0.0140005
-0.0100963
6.56901
0.0183094
-0.154083
47.1606
0.0052355
-1.09651
-0.0226327
-5.37811
0.435683
-0.0828652
0.0379107
47.476
0.0939786
389.148
0.363291
8746.03
-0.0262199
0.0136511
-0.00248795
0.0811154
0.117741
0.000528505
-0.0504023
0.0077342
0.179846
0.242453
-1533.01
0.279248
-0.00052924
0.00676233
-0.234861
-0.466904
0.0161033
-0.00441524
-0.0404939
0.190531
-3897.23
-0.380074
0.466904
0.140512
-389.148
0.00300295
0.00248795
0.00185284
-0.460779
-0.0064657
-0.074228
0.526386
-0.00305095
0.164121
-0.0532046
-0.0154433
0.128344
1533.01
-474.485
-0.0161033
0.429603
-0.0077342
-0.00441524
-0.164121
0.0504023
-0.0532046
0.00676233
0.00305095
0.263591
0.00035693
0.380074
-474.485
-0.00505008
-47.476
-0.00300295
0.0154433
-0.000119449
0.074228
0.0262199
0.368446
-0.00311767
-0.00185284
-1.02514
0.00200577
710.389
-0.0136511
0.149422
-710.389
-0.117741
-0.0264454
0.0404939
0.460779
0.010514
0.412208
0.00311767
-1.02514
-0.179964
-0.146798
0.126087
-0.0251003
-0.0242525
5.06186
-0.0787629
0.649846
-0.212499
0.606937
0.466904
0.0116852
-0.0134893
385.481
-490.205
-0.0262199
0.583363
-490.288
0.00931351
-0.11502
0.0447455
0.290222
0.0108272
1.7046e-05
0.0729971
0.00205195
0.495495
-0.07465
-0.136564
0.0871747
-0.0304466
0.154605
-0.021597
-0.0108515
0.392058
-0.0143036
0.42174
-0.267855
0.0389695
-59.4381
0.0538814
-0.0116595
1990.33
-0.0243121
0.37963
0.209762
0.00188099
0.640284
0.0162955
-1.20473
0.421646
-0.0248233
-0.00346643
-1386.8
0.29241
-0.0754533
-1.13048
0.0526655
-0.0125119
0.0466086
0.016102
-0.00468958
0.0122115
0.0292282
-775.784
0.0507083
-0.0201849
0.0204115
0.225766
0.124351
-38.6059
0.00488976
567.912
-0.0248233
-0.267855
0.016102
-0.0262199
0.174421
0.154605
0.225766
0.583363
-0.0134893
0.00931351
-0.0304466
0.392058
0.0466086
-0.136564
-0.00468958
0.0162955
-0.179964
0.42174
0.0871747
0.00205195
385.481
0.462404
-0.11502
0.254358
0.606937
0.0538814
0.438809
-0.0242525
0.0389695
-775.784
0.0292282
-0.0201849
1990.33
0.640284
0.0526655
-490.205
-1.13048
567.912
-0.021597
0.649846
0.0476803
-0.0787629
0.0108272
-0.0143036
0.369009
-59.4381
-0.212499
0.0116852
0.409164
-0.0251003
-0.0125119
0.00488976
0.466904
0.101353
-1.20473
-0.00346643
-38.6059
0.124351
-0.146798
0.0447455
0.339747
-0.0243121
0.0507083
1.7046e-05
-0.0108515
0.37813
-0.0754533
-1386.8
0.0831705
-490.288
0.0204115
0.0729971
0.750544
-0.07465
5.06186
-0.0116595
0.00188099
0.0122115
0.0251003
388.557
0.237089
0.074426
-0.020746
0.027228
0.053135
-775.784
0.403972
0.237089
-0.110987
0.125976
0.000995693
0.00304816
0.352485
388.557
0.553346
0.824757
0.00553496
-0.020746
0.251176
-0.00126122
0.337238
-0.00131965
-0.037226
0.053135
0.00155356
0.0152097
-0.0764976
0.231427
-1.02514
0.23765
0.027228
0.0024964
0.0024964
-0.0308651
0.00155356
-0.00131965
-0.00637744
-0.0764976
0.553346
0.00105151
-0.32666
-0.110987
0.0367747
0.277669
0.0251003
0.133862
0.302013
0.0277104
0.00778484
-0.00236739
0.00552773
0.00103177
-3897.53
0.00455579
-0.0465557
0.0277104
6.17619e-05
0.0152097
0.448361
0.228198
-0.00126122
7797.07
6.17619e-05
-775.784
0.00553496
-0.037226
0.00778484
-1.02514
0.188373
0.00103177
0.074426
0.00410436
-0.00220184
0.079704
0.00304816
-0.00236739
0.00105151
0.337238
0.202538
0.121793
-0.196187
-5.37811
-0.160889
660.493
0.0945193
6.65338
710.389
-0.740773
0.0911485
-0.177623
-1066.01
0.162896
-59.4381
0.461214
0.475093
-0.021597
-0.0439697
0.298479
0.129153
-387.225
-0.0839861
0.0540287
-0.0339266
0.457969
-82.1391
4392.03
-81.0473
0.161947
-560.722
-47.476
0.1029
-0.0740894
0.00201871
0.140634
-0.0747833
0.0196557
-57.7288
-7.00761
-0.114823
0.53653
0.209259
-388.557
993.176
-560.649
-38.8699
-0.0865195
70.5226
-1062.43
0.00812452
-0.0387499
-62.6346
-1585.35
0.237089
0.0244686
-0.713025
-0.337222
-0.0171316
-1.15425
0.236371
-0.0972213
0.0547535
-38.6059
0.212123
0.142988
-0.195686
0.0475908
-0.167947
-1.78233
-0.00362438
-0.136564
71.418
0.112973
-0.0779926
0.00403492
-816.16
-0.0387499
0.461214
0.1029
0.475093
0.53653
0.00403492
0.0540287
-5.37811
-0.196187
0.0945193
4392.03
0.429603
-0.0740894
0.0600066
-0.00362438
0.0547535
0.115869
-0.0339266
-0.0171316
-1.78233
0.344064
0.108702
-1062.43
0.333412
-0.0865195
0.209259
-38.8699
-0.160889
-38.6059
-0.713025
-0.0972213
-1585.35
0.250464
-7.00761
0.271461
70.5226
-387.225
-388.557
0.349431
-57.7288
6.65338
-47.476
710.389
0.00812452
0.140634
-0.337222
-560.722
-816.16
-0.0779926
-0.167947
-0.021597
660.493
0.248216
0.466706
-0.0747833
-1066.01
-81.0473
0.142988
-0.195686
71.418
-0.177623
0.45571
0.0831713
-62.6346
-1.15425
-0.740773
993.176
-0.114823
0.162896
-0.136564
-0.0839861
-59.4381
0.0244686
0.237089
-82.1391
-0.0439697
-560.649
0.112973
0.0475908
-1.53545
-0.0573311
0.0165473
0.00139059
0.0360689
0.0747833
0.0844287
0.295305
-0.0727184
-0.268728
-629.339
0.0360689
-3897.53
0.00266288
0.0146399
0.409516
0.0487708
-0.0335171
-0.00568056
-47.1606
10005.4
-0.190581
0.146932
0.0503289
-0.248471
-0.076313
-629.339
-0.248471
-0.0302927
-385.481
0.368446
0.00554188
-0.076313
0.225766
0.0844287
0.14123
710.379
710.379
-3896.92
0.126087
-1.53545
0.0146399
-0.0330982
-0.498551
0.0303773
0.00205525
-816.667
-0.190581
-389.959
0.380001
-0.498551
-474.485
-389.959
-474.485
0.0747833
-0.0283692
0.225766
-816.667
993.176
-0.000503376
0.425486
993.176
-0.000503376
-63.0733
-0.0283692
-0.0330982
-63.0733
-47.1606
0.483819
0.344064
-385.481
0.0503289
-0.0465557
0.00554188
0.0165473
0.00139059
-0.0573311
0.0155029
-0.192594
0.68789
-0.101597
-0.0262496
0.269511
-0.17412
-0.00845262
0.475093
-0.122696
560.313
0.0421317
0.0158984
-0.0247343
-0.07465
0.254632
-0.0244629
-0.740773
-0.0388056
-0.0573311
2253.17
4.76759
0.154605
0.0570756
0.0342053
0.0175985
0.726097
-560.361
0.251296
0.173959
0.102477
-0.553346
0.0938044
-1.78233
0.358646
0.0466086
0.0627483
0.027228
0.17083
0.12819
-0.0278594
389.148
-58.5567
0.647462
-0.0731863
38.6301
-0.0274214
0.0034759
-0.0503289
0.00227585
-1585.35
-0.808359
0.164371
0.457969
0.123827
0.0301724
-0.00139241
0.0853305
0.412208
-638.199
-0.0319406
-58.2814
0.0447455
38.6878
0.0532159
0.249666
-0.00293026
0.123809
385.877
-776.518
0.314416
0.414901
0.624486
0.0121186
-0.164121
-0.0544554
-0.0158984
0.40486
-0.0938044
-0.726097
-0.101597
-0.0544554
0.17083
-0.0388056
0.0247343
-1.78233
-58.5567
0.0503289
0.450026
0.228198
2253.17
-1585.35
0.154605
-385.877
0.553346
0.475093
0.0244629
-0.00139241
0.282392
-0.027228
0.123809
-0.00845262
0.0570756
-638.199
0.0342053
38.6878
-0.12819
0.249666
-389.148
0.247902
0.333412
0.163459
0.102477
-0.0262496
0.624486
-0.123827
0.0573311
0.0459686
-0.808359
0.68789
-0.0034759
-0.0274214
-58.2814
-0.07465
0.0175985
0.254632
-0.0278594
0.0121186
0.122696
776.518
-560.361
-0.740773
0.164121
0.0469089
-0.00293026
-0.00227585
560.313
0.0301724
0.210711
0.428488
-0.0319406
0.0378071
0.0447455
4.76759
0.173959
0.425486
-0.647462
0.0421317
38.6301
-0.0532159
0.0466086
0.192594
-0.269511
-0.17412
-0.0731863
-1.53545
0.038754
-0.261059
-0.649846
0.0143036
-3897.23
-0.360423
0.133462
0.287196
0.0547535
-0.00505008
0.00189813
0.0442692
7798.07
776.518
-388.987
-0.0231839
-0.0102927
-0.0270483
0.078835
-0.038754
0.0102405
0.229911
-0.00020328
0.0102927
0.0158796
-0.00215333
-0.052545
0.0231839
0.360423
-0.0158984
0.648808
-0.648808
0.0017499
-0.0143036
0.0748703
-0.437385
0.32913
-0.0220231
0.00215333
-0.052545
-776.518
0.292424
-1.53545
-0.0547535
-0.0863819
0.327617
0.0158984
0.428712
0.0121846
-0.0339266
0.414273
386.582
-0.020746
0.0270483
0.00568033
-0.0442692
-0.00189813
-0.00020328
-0.32913
0.486843
388.987
-386.582
0.078835
-0.020746
0.649846
0.790862
-0.027308
-0.0017499
-0.133462
-0.00568033
0.394964
0.173842
-0.00798257
0.332129
-3897.43
0.261059
0.0339266
-638.199
-0.726097
0.0244629
-58.2814
-0.123827
-0.0274214
2253.17
-0.12819
0.0301724
0.17083
-1585.35
-0.027228
0.173959
0.123809
0.308979
-385.877
-0.17412
0.224992
-0.07465
776.518
0.475093
0.055301
0.249666
560.313
0.553346
38.6301
-0.0544554
-0.0158984
-58.5567
-0.00139241
0.0570756
-0.0262496
0.0421317
-0.0731863
-0.101597
-0.0034759
-0.00227585
-0.00845262
-0.0388056
0.321173
0.0573311
0.0466086
-560.361
-0.808359
-0.647462
-0.0278594
38.6878
0.0121186
0.0503289
0.192594
0.208424
0.117342
-0.0319406
-389.148
0.0447455
0.0686423
-0.00293026
0.072212
-0.0532159
0.624486
-0.269511
0.68789
0.0342053
4.76759
0.164121
0.0247343
0.190361
-0.0938044
0.254632
0.102477
-1.78233
0.0771985
-0.740773
0.154605
0.122696
0.0175985
38.6301
-0.0247343
0.406473
-0.0544554
0.0421317
-1.78233
0.0301724
0.173959
0.0158984
-0.0244629
-0.0573311
-0.17412
-776.518
0.12819
389.148
-0.101597
0.00227585
0.123827
-0.00845262
-0.00293026
0.027228
-0.07465
-0.192594
0.0532159
0.355883
-58.2814
0.0121186
-0.0278594
0.0034759
0.647462
-0.0731863
0.0447455
0.0570756
0.0466086
-0.0388056
-0.164121
0.254632
-0.808359
0.178313
-0.0503289
-0.553346
-0.00139241
-560.361
0.468472
0.102477
-0.740773
385.877
0.0508306
0.0063654
0.17083
0.0175985
-638.199
38.6878
0.242453
0.269511
-0.122696
-58.5567
-0.0319406
0.68789
2253.17
0.154605
0.429692
0.624486
0.726097
0.236371
0.188373
4.76759
0.476369
-0.0274214
-1585.35
0.123809
-0.0262496
560.313
0.45571
0.0938044
0.475093
0.22612
0.249666
0.179964
0.0342053
-0.0143036
-0.360423
0.0158984
0.0553696
-0.038754
-0.648808
-0.00020328
-0.0863819
-0.00215333
-0.020746
-0.0547535
0.0143036
0.149422
0.078835
-0.0270483
0.133462
0.462998
-3897.23
-386.582
-0.0158984
-0.649846
-0.0017499
0.261059
-3897.43
0.429927
-0.052545
0.0270483
-0.00505008
-0.020746
0.109518
0.0158796
0.0102927
-0.027308
0.271461
0.00568033
-0.052545
-0.0442692
0.0231839
0.0547535
-0.0339266
-0.00020328
0.0063654
0.0442692
-0.0220231
388.987
-0.437385
-0.133462
0.0017499
-1.53545
776.518
-0.32913
0.0748703
0.0102405
-0.00798257
-388.987
0.0339266
-0.00568033
-0.00189813
0.153932
-1.53545
386.582
7798.07
0.00189813
0.078835
0.456385
0.360423
0.141661
-776.518
0.32913
-0.261059
0.038754
0.417864
0.649846
0.648808
-0.0231839
-0.0102927
0.00215333
-0.209259
-0.112973
-0.0547535
0.0475908
0.232282
0.408476
0.0747833
660.493
-993.176
0.251296
0.222991
47.476
-0.136564
-1585.35
0.0839861
0.1029
-0.114823
-560.649
0.0779926
-38.6059
-0.021597
-0.0540287
-0.337222
0.452248
4392.03
62.6346
0.324337
0.196187
-38.8699
-0.0740894
-7.00761
0.279248
0.474632
-0.0387499
0.53653
-0.167947
0.177623
-0.195686
-81.0473
0.224992
-0.142988
-57.7288
-0.0865195
-0.00362438
-560.722
71.418
-0.0439697
-0.740773
-5.37811
-0.713025
0.140634
0.461214
1.15425
-0.0171316
-0.0972213
-0.00812452
-1066.01
0.0459686
6.65338
0.0244686
70.5226
0.331174
0.00403492
0.475093
-1062.43
0.0945193
-0.160889
0.450949
-1.78233
0.13479
-59.4381
-82.1391
-0.237089
388.557
-710.389
816.16
-0.162896
387.225
0.0339266
388.557
0.35173
-0.0740894
1.15425
-7.00761
0.140634
-0.167947
0.349431
0.475093
0.0254577
0.309991
71.418
-0.00362438
-0.00812452
-0.021597
-57.7288
-0.0972213
0.0945193
0.0747833
0.0244686
-0.195686
6.65338
-710.389
-5.37811
-0.0439697
-0.237089
-81.0473
-0.0387499
4392.03
-0.136564
-38.8699
0.177623
-0.112973
-0.740773
0.0839861
-0.0540287
0.00403492
0.196187
-0.337222
0.53653
0.0339266
0.0475908
-0.162896
-0.0865195
-59.4381
-993.176
0.0894851
-1585.35
-0.160889
816.16
-1.78233
660.493
-1062.43
-0.142988
-560.722
-0.713025
0.461214
0.281392
0.300643
62.6346
0.0779926
-1066.01
0.0775577
47.476
0.1029
-82.1391
387.225
-560.649
0.211373
-38.6059
-0.0171316
-0.114823
0.477351
-0.0547535
70.5226
-0.209259
0.354338
-0.0747833
-0.0747833
-710.379
0.00205525
0.0283692
-474.485
0.190581
0.0165473
-0.0503289
-0.0465557
385.481
0.387217
0.00266288
-0.0844287
-0.0360689
-0.00139059
-629.339
-3896.92
-474.485
0.248471
816.667
-0.00554188
-710.379
-0.00139059
-0.0302927
0.339694
-993.176
0.190581
10005.4
0.000503376
816.667
0.000503376
-0.0360689
-0.0844287
389.959
0.202756
-0.00554188
389.959
-0.0335171
-0.076313
-0.268728
0.480201
0.0155029
0.0165473
0.0968143
-0.00568056
-0.076313
47.1606
0.498551
0.392275
-0.0503289
0.334925
-0.0727184
63.0733
0.0573311
47.1606
-1.53545
-0.225766
-1.53545
0.0330982
-0.0146399
0.248471
0.0573311
-3897.53
-993.176
0.0330982
0.498551
-629.339
-0.225766
0.0283692
-0.0146399
385.481
63.0733
0.314077
-57.6025
0.35708
-0.100585
0.380001
0.0678189
0.0301724
-0.0306797
0.190581
776.404
-0.462379
-391.559
-1108.36
-391.5
0.248145
0.0425194
0.0214094
-0.183225
0.00205195
-0.57432
-0.195686
-38.8699
0.0676204
0.121913
0.0944766
-385.371
0.685305
-0.337238
-0.0919603
-0.00866082
-0.871894
0.0645324
-0.0252203
-0.0778239
0.254632
-0.037226
0.0421279
0.0839516
0.487793
0.41147
0.566816
0.348596
0.0175985
-0.11502
-0.000773718
0.157706
0.456385
-0.0667222
-389.959
0.18314
-0.0270483
0.116439
2.89767
-0.0404939
0.421527
-38.6618
0.0627483
0.218125
-0.0164578
1607.4
-1.70748
5.06186
-0.215989
0.451009
469.247
0.0234001
-0.406433
0.0348205
-0.20399
-57.7288
0.648808
0.102477
-0.0141539
0.460779
-0.00362438
-0.0304466
0.277406
0.282392
-389.959
0.0918258
-0.337238
0.0678189
469.247
-0.0919603
-0.0404939
0.190581
0.057522
-0.57432
-0.462379
-391.559
776.404
-0.0252203
0.450072
-0.0141539
0.348596
0.320337
-57.7288
-1.70748
0.0944766
-0.000773718
0.254632
-0.11502
-385.371
0.128344
-0.0778239
0.566816
0.248145
-0.871894
0.250324
0.648808
0.0645324
2.89767
-38.6618
1607.4
0.3416
5.06186
-1108.36
-0.215989
0.0301724
0.685305
0.406473
-0.20399
-0.100585
0.451009
-38.8699
-0.0304466
-0.037226
-0.406433
0.30809
0.102477
0.00205195
0.0214094
-0.00362438
0.0831713
-0.0270483
0.0303773
-0.183225
0.460779
-0.0164578
0.0348205
0.0711856
0.337179
0.0839516
0.0421279
0.162088
0.18314
-0.195686
-0.0306797
0.121913
-391.5
-57.6025
0.208424
0.41147
0.314077
0.0711145
0.0175985
0.0425194
0.0234001
0.421527
-0.00866082
0.490538
-0.0667222
-0.878158
0.0697438
0.447265
-0.0132897
0.0697438
-388.46
0.0352938
-0.052545
-0.0034759
0.079704
0.00866082
-0.878158
-0.0732764
-0.0532046
0.183044
0.208338
-0.0920349
0.269511
-0.223009
-0.0243121
-0.0532046
0.290222
0.00527268
0.0111965
0.0930565
0.288978
0.0793758
-0.606937
-0.296703
0.117342
-0.0415334
0.000271006
-387.225
0.269511
-0.0335171
0.292424
-0.052545
-0.0243121
776.404
0.468524
-3897.62
-3896.92
-388.46
0.41415
0.00552773
0.0352938
-0.223009
-0.182641
-0.0597699
-0.606937
-0.0136747
0.196187
-0.182641
0.112376
-0.0132897
0.128488
-0.0227143
0.11179
776.404
0.37813
0.00866082
0.00527268
-0.0415334
0.289221
0.196187
0.107049
0.331053
-0.0549392
7796.54
-0.0227143
0.320337
-0.0034759
-387.225
0.0793758
0.0930565
-0.325255
-0.0920349
0.0111965
-0.0136747
-0.0549392
-0.325255
0.0138805
63.0733
0.0793758
0.0793485
0.306412
-0.183225
0.289745
83.888
0.42174
-7.00761
-82.1391
0.566816
0.0277104
4.4773
0.232665
-0.0738641
0.0584443
-816.667
0.56814
-0.0077342
-1062.43
0.249522
3704.86
0.11888
0.413315
-0.383596
-0.154137
-1108.36
0.583363
0.155346
-58.2814
0.380074
0.162958
0.173959
-0.32913
-0.361101
93.1075
0.221032
386.539
-1033.72
-0.0278594
0.308185
0.0835317
0.110987
-391.91
1.21083
0.477955
-0.271408
-0.137338
0.435705
0.559866
-1.70748
926.149
-0.146798
91.7568
0.11179
0.264895
391.885
-9.20235
-1020.42
0.310543
-0.0930565
0.250645
-0.0526068
0.849592
-0.0787629
-56.913
388.987
-492.682
-0.00589175
38.6878
-81.0473
0.212446
0.279587
-0.0277623
0.409516
38.8
0.168613
6.56901
0.0277623
-492.682
0.394284
0.383596
0.0835317
91.7568
-1062.43
-83.888
0.32913
0.219142
0.168613
-0.110987
0.0793485
-58.2814
391.885
0.232665
-1108.36
-82.1391
-0.0793758
-0.0277104
0.376735
3704.86
0.0930565
-0.0526068
-0.162958
0.56814
-0.380074
-0.849592
0.559866
0.413315
0.173959
-926.149
-0.0278594
93.1075
1033.72
-7.00761
0.263036
-1.70748
0.0077342
0.394564
0.264895
38.8
-391.91
0.489823
-0.00589175
-1.21083
0.368168
-388.987
0.361101
-0.0584443
0.221032
-0.271408
-0.154137
816.667
4.4773
0.0939786
6.56901
-0.146798
0.39027
38.6878
-1020.42
0.452248
-386.539
0.42174
-81.0473
-0.212446
-0.183225
0.583363
-56.913
0.566816
-9.20235
0.515715
0.306412
-0.137338
-63.0733
0.418613
-0.0787629
-0.0738641
-0.0064657
-3897.08
62.6346
-84.5177
0.0317089
-843.805
-3897.43
0.720309
385.877
0.0803713
1033.72
-0.110541
-0.00516548
-0.0909791
-0.125467
0.253096
-0.0317089
0.114551
-0.201006
0.495264
-0.114551
-629.339
0.1858
0.0771985
-1033.72
0.216071
-389.812
0.255761
0.39541
-0.0115568
-0.123827
-0.0863819
0.0183012
0.110541
84.5177
0.0252203
0.332129
0.0584443
-0.0308923
-0.878158
0.640284
-0.878158
-0.411145
0.448458
0.121913
0.103225
0.00516548
816.16
-385.877
0.368963
0.0871747
-926.189
-0.121913
-0.0252203
0.0556577
0.411145
-816.16
0.107049
10743.1
0.479698
-0.640284
0.179226
0.123827
-843.805
0.429692
-629.339
-0.125467
-0.0183012
-0.0427843
0.035592
0.0711145
0.010514
-62.6346
926.189
0.074426
0.480116
0.277669
-0.0584443
0.179846
1.00508
0.478469
-0.103225
-1.00508
389.812
-0.0871747
0.074426
-0.216071
0.395085
93.1075
-63.0733
-0.00589175
0.232665
-1062.43
0.0930565
0.0676204
-0.154137
38.8
0.173959
0.244056
-7.00761
-386.539
0.361101
-0.146798
0.0999725
-56.913
-9.20235
0.413315
0.281392
0.306412
0.221032
0.32913
-1108.36
0.468524
-926.149
-0.110987
0.0793485
0.0835317
0.133862
-0.212446
0.229911
-0.0787629
-81.0473
-1020.42
4.4773
-492.682
0.232462
0.566816
-0.849592
-0.0584443
0.264895
0.583363
0.0107437
0.232282
-0.0793758
0.0277623
-0.162958
-0.0738641
-83.888
-0.380074
91.7568
3704.86
1033.72
6.56901
0.418529
0.168613
-0.0277104
0.383596
391.885
-0.0526068
0.132127
0.559866
38.6878
0.164035
-388.987
-1.21083
-0.137338
0.0077342
0.56814
-82.1391
-0.271408
0.0390101
0.42174
0.376735
-58.2814
0.295305
-0.183225
0.411123
-1.70748
-391.91
0.720309
-0.0278594
816.667
-0.0278594
0.307602
3704.86
-0.383596
-56.913
0.566816
-1033.72
0.427368
0.380074
391.885
0.0835317
-81.0473
93.1075
91.7568
-0.0077342
0.0793485
-1020.42
0.287196
0.306412
0.559866
0.0775577
388.987
0.42174
38.8
0.583363
-0.361101
0.162958
-0.0277623
0.0277104
0.153932
-492.682
926.149
-0.0930565
0.39027
4.4773
-816.667
-0.0787629
-0.271408
0.849592
0.173959
0.413315
-0.154137
0.56814
0.0173523
386.539
-1062.43
-0.00589175
0.261401
-0.183225
-0.32913
0.0584443
-0.137338
0.0793758
0.232665
6.56901
-58.2814
-1.70748
0.224966
63.0733
-1108.36
1.21083
0.110987
-9.20235
-0.0526068
38.6878
0.287869
0.264895
0.408476
-0.0738641
0.221032
-391.91
0.212446
-82.1391
-0.146798
-7.00761
0.168613
83.888
-0.0115568
-0.201006
-629.339
0.010514
-0.121913
0.216071
0.074426
-0.0183012
0.269971
-843.805
-0.00516548
-385.877
-0.878158
-843.805
0.103225
-0.123827
385.877
-0.0871747
-3897.08
-0.0317089
-629.339
816.16
-0.114551
0.0556577
0.0871747
-0.878158
-0.0064657
0.313659
-0.640284
-0.0427843
0.0181363
0.157706
-389.812
-0.216071
926.189
-0.0308923
1033.72
0.121913
-0.411145
62.6346
0.109518
0.163459
0.0711856
0.0334143
-1.00508
-1033.72
0.00516548
0.387547
10743.1
0.339813
0.074426
-0.0863819
389.812
1.00508
-926.189
84.5177
0.411145
0.114551
0.0183012
0.302013
-62.6346
0.448495
0.640284
-0.125467
-0.103225
0.263036
0.0252203
-0.125467
-3897.43
-0.110541
0.0911485
-816.16
0.212001
0.485022
0.123827
0.0317089
0.0584443
-0.0584443
-84.5177
-0.0252203
-0.0909791
0.110541
-0.0645324
0.248145
0.0425194
0.102477
0.0944766
-0.0778239
469.247
0.57432
-0.195686
0.0348205
1607.4
-1.70748
0.0301724
-0.100585
0.421527
-57.7288
0.0252203
0.0404939
-0.183225
0.871894
0.0839516
0.477955
2.89767
-0.215989
0.462379
0.331053
-391.5
0.254632
-0.0421279
0.0175985
0.467753
0.0270483
-0.0667222
-0.0919603
-0.00362438
-0.648808
0.462404
-0.11502
0.484358
385.371
0.00205195
-0.460779
0.41147
0.0214094
0.566816
0.20399
0.337238
0.18314
0.327433
0.455083
-1108.36
-38.8699
-0.190581
0.901432
0.354338
0.406433
0.0678189
0.685305
-0.000773718
0.00866082
-391.559
0.037226
-0.0306797
0.250464
-776.404
0.454294
5.06186
0.207596
389.959
-0.0141539
-38.6618
0.311233
0.250792
0.435713
-0.0304466
0.451009
-0.314077
0.0234001
-57.6025
0.0164578
-0.121913
-0.0667222
-0.195686
0.41147
-0.0919603
0.406433
385.371
0.308368
-1108.36
-0.0421279
-57.6025
0.148907
-0.460779
0.0301724
0.685305
-0.0304466
0.0252203
0.0348205
-0.11502
-38.8699
0.21045
0.871894
-0.648808
-391.5
0.337238
-0.00362438
0.254632
0.00866082
-0.000773718
-391.559
0.0404939
-0.190581
0.0607212
-0.183225
5.06186
469.247
389.959
0.438809
0.261401
0.566816
0.0164578
0.421527
0.0425194
-57.7288
0.395085
-0.314077
0.18314
0.57432
0.0234001
-1.70748
0.462379
0.037226
-0.121913
-0.0306797
-0.0645324
0.00205195
0.248145
-0.0141539
0.451009
-38.6618
-0.100585
1607.4
0.0175985
-0.215989
0.0270483
2.89767
0.0944766
0.0678189
0.102477
-0.0778239
0.0214094
0.20399
-776.404
0.0839516
0.303138
-776.404
0.223009
-0.00866082
0.0415334
0.312212
0.0243121
-0.052545
0.173842
0.00552773
-0.0132897
0.0415334
-3896.92
-0.0597699
387.225
-3897.62
-0.0335171
0.0243121
-0.0930565
-0.0111965
-0.196187
-0.0352938
0.182641
0.247902
0.0062741
0.325255
0.0697438
0.299749
0.310543
-0.269511
-0.0532046
-0.296703
388.46
-0.0132897
0.0034759
0.0227143
0.0853305
0.0920349
-0.0111965
0.606937
0.128488
-776.404
-0.00866082
0.325255
-0.878158
-0.0930565
7796.54
0.25875
-0.00527268
0.0379107
0.0136747
0.330058
387.225
0.0136747
0.223009
0.0920349
-0.878158
0.320088
0.079704
-0.269511
0.112376
0.606937
0.182641
0.464554
0.0138805
0.0549392
0.0982647
-0.052545
-0.00527268
-0.196187
-0.0793758
-0.0732764
-0.0352938
0.0697438
-0.0793758
0.750544
388.46
0.0549392
0.0227143
0.14843
-0.0532046
0.389811
0.0034759
0.216323
0.146815
-38.6618
93.1075
0.0375201
0.0803713
0.182641
-2.30787
0.0729971
-112.779
0.490538
-0.521198
-0.117741
926.189
-101.139
0.140512
0.17083
6.65338
4334.65
-1021.61
0.624486
-938.113
-0.184547
0.68789
0.324337
-38.8124
0.476369
-0.0125119
0.123809
-0.0481398
0.164371
-84.5177
-941.584
0.0214094
0.392275
91.7568
-1.81114
0.160817
0.483819
0.0764976
-0.0828652
-1.54
0.0161033
0.901432
-102.357
0.824757
-47.2244
0.0100031
-9.20235
-388.46
0.355977
0.0111675
0.0960574
-0.248471
0.110102
-0.197646
0.0697775
-1020.42
-385.388
1.25534
1069.1
-0.181382
-1.20473
0.0409264
0.447265
0.0507083
-0.133462
1037.52
-1.5288
0.0152097
0.450026
-0.181416
-0.00548262
-1.33531
-11.8759
0.0330982
-0.337222
-0.0439697
0.470657
-1330.96
-57.6025
-0.0306797
-0.0972213
-0.0231839
-919.993
1.25534
0.0507083
0.0375201
0.495264
-941.584
-0.0125119
-1.20473
-938.113
0.441725
-9.20235
0.0330982
-0.521198
0.214227
-38.6618
0.254358
-0.181416
-2.30787
-0.0306797
0.68789
-1020.42
-1.5288
-0.197646
926.189
0.110102
0.480201
-0.133462
-0.337222
0.0960574
-84.5177
-1.54
0.0764976
-0.117741
1069.1
-385.388
-0.0828652
91.7568
-1.81114
-388.46
0.411123
0.17083
6.65338
0.0111675
-0.181382
0.0729971
93.1075
0.0214094
0.0100031
0.35708
-0.0439697
-102.357
-1.33531
-0.0481398
-0.00548262
0.487612
-57.6025
-47.2244
-101.139
0.182641
-11.8759
4334.65
-0.184547
0.123809
-38.8124
0.258363
1037.52
-1330.96
-112.779
-1021.61
-0.248471
-919.993
0.0161033
0.624486
0.358069
0.0152097
-0.0972213
-0.0231839
0.166804
-0.154083
0.40851
0.078835
0.530108
-385.371
0.281379
11761.3
-0.0645324
0.0353681
1069.1
0.40851
0.197646
0.441725
1069.1
0.179964
0.530108
0.177623
-0.0242525
0.647462
-843.805
-0.471714
-390.383
-0.12819
-0.154083
-3896.99
0.078835
0.177773
-1.15425
0.177773
0.647462
0.418529
0.226929
0.374645
-0.391224
-0.0645324
-4.19182
-3897.62
1.00606
-0.00637744
-1136.29
-385.371
0.0143161
-83.888
0.474632
0.00676233
-0.0727184
0.0372216
-0.471714
926.149
0.490299
-843.805
926.149
0.0372216
0.160817
-0.12819
-1022.1
-1022.1
0.179964
-113.893
0.00266288
-0.0765286
-1136.29
0.0270346
-0.0308651
0.177623
-1.15425
-390.383
-113.893
-83.888
-1.43166
0.0469089
0.249522
0.41606
0.14123
0.197646
0.0811154
-1.43166
0.0353681
0.00676233
-0.0242525
-0.0732764
1.08711
-56.913
0.08285
1.25534
0.0442692
0.387137
-0.0141539
0.0283692
-0.0754533
2374.33
-0.00236739
0.53653
-1.33531
-1.81114
0.421646
-0.0455285
-0.00346643
-0.0667222
0.159235
0.261059
-48.6372
38.8
-0.158027
0.0593587
-941.473
1.62894
0.232665
0.250324
-0.403487
-0.00553496
0.140634
-0.144843
-0.177773
-0.0140005
0.0781599
-0.0248233
0.955785
384.764
-0.0526068
-0.00139241
0.526386
-0.103225
0.227299
937.916
4.76759
0.613513
0.0227143
38.1621
0.698114
0.0341797
-0.498551
0.211373
-0.074228
-1.09651
-0.123433
-0.0890923
0.0143161
-0.0731863
0.18314
-0.00311767
-1016.59
-0.17162
-1330.96
0.0945193
0.482601
-0.325255
0.081092
-0.0469509
0.451009
0.530108
389.812
0.244056
-776.648
0.143585
0.0121186
0.072212
-0.212499
0.461214
0.18314
0.0121186
-0.0469509
-1.33531
-0.0593587
0.113175
-0.0141539
-0.0455285
-48.6372
4.76759
0.288978
-0.0442692
776.648
-1.81114
0.23765
0.0781599
0.359395
0.461214
-0.261059
0.488867
0.367349
-0.0283692
0.22612
-56.913
0.177773
0.103225
-1330.96
0.451009
-0.0667222
0.00553496
0.158027
-1.09651
38.1621
38.8
0.368963
0.17162
0.325255
-384.764
937.916
-0.144843
-941.473
-0.123433
-0.0227143
-0.0248233
0.00311767
-0.0140005
0.955785
-389.812
0.0945193
0.128722
-0.403487
0.613513
0.232665
0.074228
0.143585
-0.00346643
-0.530108
-0.00139241
-1.08711
2374.33
0.159235
-0.0754533
0.218125
0.484358
-0.0731863
1.25534
0.140634
0.498551
0.53653
0.0890923
-0.0526068
-1.62894
0.482601
-1016.59
-0.212499
0.0341797
0.428354
0.00236739
6.17619e-05
-0.00052924
0.726097
0.162896
776.648
-0.0960574
0.478469
-0.00227585
-0.0481398
0.0481398
0.3416
0.160836
6.17619e-05
7800.77
-0.076313
-1.43166
0.0839861
-0.260267
-0.0421279
-0.0132897
0.0526655
0.343451
0.308417
-0.0333222
-776.648
-0.0277623
0.0567782
0.0108515
0.314416
389.721
0.406433
0.328101
0.190361
0.410233
-3897.08
-3897.27
0.0748703
0.260267
386.539
0.0593587
0.00227585
0.010797
0.397309
-0.0296088
0.304008
-1.43166
-0.0593587
0.086255
0.00201871
0.0277623
-0.0296088
-0.00651007
0.0421279
0.0333222
0.00651007
0.044391
-0.406433
0.123996
-0.142526
-0.0132897
-0.162896
-386.539
-0.076313
-389.721
-4.55593
0.513225
0.0158796
1.10347
-0.010797
-0.160836
-0.308417
0.0960574
0.141661
-0.397309
-0.0264454
-0.0839861
-0.726097
0.217768
-0.0526655
-0.0108515
-0.0115568
-0.144843
0.18314
0.074228
776.648
-0.0667222
0.00236739
0.955785
0.358646
-1.08711
0.232665
-0.00139241
-0.0455285
0.00311767
-0.0140005
0.123091
0.613513
0.169042
0.461214
0.158027
-941.473
38.8
0.482601
-0.212499
-0.0227143
0.327433
0.17162
-0.0141539
0.306128
0.448361
0.149588
0.192857
1.25534
0.452281
-0.0442692
0.159235
-0.0593587
-0.0526068
4.76759
-1.81114
-0.0754533
0.00553496
38.1621
-0.123433
-0.00346643
-389.812
-0.0731863
0.0890923
-1016.59
-1330.96
0.140634
0.394564
0.451009
0.498551
0.337179
937.916
-1.62894
2374.33
-0.0283692
0.177773
-1.33531
-56.913
0.53653
0.103225
-0.0248233
-1.09651
0.0531398
0.143585
0.0945193
0.325255
0.0341797
-0.530108
-48.6372
-0.403487
-384.764
-0.261059
0.379937
0.281268
0.0781599
0.0121186
-0.0469509
0.467753
-0.0754533
0.53653
-0.177773
0.143585
-0.158027
-0.0140005
-1.33531
937.916
-0.0248233
-0.498551
-48.6372
-0.144843
0.0283692
0.0341797
0.232665
0.339865
0.461214
384.764
-0.0731863
-0.0469509
0.101339
-1.81114
0.161792
0.0227143
-0.0526068
-0.212499
4.76759
38.1621
0.0781599
0.0442692
-1.09651
-0.0667222
0.0121186
1.08711
0.261059
-0.0141539
-0.403487
-0.325255
0.123996
0.159235
-1016.59
-56.913
-776.648
0.0945193
0.166954
0.202538
0.530108
0.199285
0.255761
-0.00346643
-0.103225
-0.00139241
-941.473
-0.00236739
0.179964
0.451009
0.312212
0.115869
0.140634
0.450949
-0.123433
38.8
0.482601
-0.074228
0.166804
0.613513
1.62894
-0.0890923
-0.17162
0.289221
0.955785
389.812
1.25534
0.0367747
2374.33
-1330.96
0.0593587
-0.00553496
0.226397
0.18314
-0.0455285
-0.00311767
-0.0960574
-0.0277623
0.00651007
0.0277623
-3897.27
0.0421279
0.359395
0.0108515
-0.160836
-0.0296088
0.308417
0.123091
-0.726097
776.648
0.281183
-0.010797
-0.0296088
-0.162896
0.160836
0.00227585
-0.0481398
386.539
0.726097
-0.076313
0.260267
0.100262
0.397309
0.0158796
0.0333222
-0.0108515
-0.260267
0.0444507
0.217768
0.0839861
0.162896
-0.0839861
-386.539
0.409164
-0.00227585
0.0526655
-0.0526655
-0.0421279
-389.721
0.010797
0.49366
-3897.08
-0.00052924
0.424533
-4.55593
-0.0593587
-0.406433
0.0748703
6.17619e-05
-0.0132897
-1.43166
1.10347
0.406433
-0.397309
0.0593587
-0.0333222
-776.648
0.0270346
-0.0132897
-0.0264454
-0.142526
-1.43166
7800.77
0.033936
389.721
-0.0115568
0.0481398
-0.00651007
0.0960574
6.17619e-05
-0.076313
-0.308417
-1330.96
0.488808
0.363613
-0.110102
-0.0161033
-0.0330982
112.779
0.0389464
93.1075
-101.139
-9.20235
-0.181382
0.0507083
0.299749
-0.0439697
-1.33531
-0.521198
0.624486
0.248471
0.0100031
0.133462
-0.181416
-926.189
1037.52
0.0985512
-0.0125119
2.30787
-1020.42
0.68789
-0.0375201
-102.357
0.208338
4334.65
0.129153
-0.0306797
385.388
0.447022
-941.584
0.462998
0.117741
-1.54
0.0111675
-1069.1
0.0231839
-1.20473
0.0487708
1021.61
1.25534
-38.8124
-0.0764976
0.0107437
-1.81114
-57.6025
0.497461
-938.113
0.334925
0.0481398
0.435705
0.197646
-38.6618
-1.5288
-47.2244
-0.337222
-0.0828652
-919.993
6.65338
0.0214094
388.46
91.7568
-0.0960574
0.17083
-0.0152097
0.253096
-0.00548262
0.123809
0.174421
-0.0972213
-11.8759
0.0729971
-0.184547
-0.182641
84.5177
-941.584
-0.521198
-1069.1
6.65338
-1.20473
-38.8124
0.17083
-0.00548262
1037.52
-0.181382
0.0214094
-102.357
0.464554
0.133462
-1020.42
-101.139
0.624486
0.347194
0.248471
-0.0306797
0.254133
0.311233
0.0231839
112.779
0.0729971
-38.6618
0.0481398
-919.993
-0.182641
-0.0972213
-938.113
-0.0375201
2.30787
-0.0828652
388.46
0.123809
-0.0330982
-57.6025
-0.0152097
0.197646
-1.81114
4334.65
-926.189
0.057522
-9.20235
-0.184547
0.0507083
91.7568
-47.2244
-0.0960574
1021.61
-1.54
0.470657
-0.0125119
0.0111675
0.0100031
93.1075
-0.0161033
-1.33531
0.199285
-11.8759
385.388
-0.0439697
0.117741
0.495986
84.5177
0.223545
0.295374
0.086255
-1330.96
-0.0764976
-0.337222
0.68789
-0.181416
-1.5288
1.25534
-0.110102
0.232462
-0.0732764
0.0645324
0.078835
-0.0308651
-1.43166
83.888
-1136.29
0.154083
-843.805
0.309991
-0.0372216
-0.0727184
-0.40851
11761.3
0.00676233
-0.647462
-1069.1
0.0551165
-0.179964
0.471714
-0.0765286
-1069.1
113.893
-1136.29
-0.00637744
-0.530108
0.12819
1022.1
0.0334143
0.154083
-1.43166
1.15425
-0.391224
1022.1
0.300527
0.12819
-0.197646
-0.197646
0.183044
-843.805
-4.19182
113.893
0.0242525
-926.149
0.279752
-0.177773
0.224966
-3896.99
0.078835
0.471714
1.15425
-0.647462
-0.40851
-0.530108
-0.179964
1.00606
0.00266288
390.383
-0.177773
-0.177623
-3897.62
-0.177623
385.371
0.321173
0.281379
83.888
390.383
385.371
0.0317682
0.263591
-0.0353681
-0.0372216
0.00676233
0.0242525
-0.0353681
0.0645324
-926.149
0.027968
0.0342053
-938.113
-0.484504
0.464981
0.027968
0.397309
0.00527268
937.916
-0.0100963
0.379937
0.0342053
-938.113
-6.32833e-16
-0.40851
0.00516548
-0.37335
-941.584
-941.584
0.016102
-0.0778239
0.0678189
0.365771
937.916
-0.00589175
0.446446
0.959843
0.00155356
-0.0319406
0.583477
-0.0133142
0.0457523
0.0982632
-0.0740894
0.446446
-0.0133142
0.00554188
-0.28458
-0.0100963
0.0398147
0.413315
0.0162955
8.41514e-16
-0.397309
-0.114823
-0.00554188
0.350393
0.016102
-941.473
-0.0778239
-941.473
0.49366
-0.00155356
0.484504
-1.73201
-0.00516548
-0.00189813
3767.74
0.0678189
-0.00527268
-0.28458
-0.00589175
0.00189813
-0.00154004
0.40851
-0.00185284
-0.0319406
0.0162955
-0.583477
0.0398147
0.00185284
-0.114823
-0.0740894
0.413315
937.916
0.435683
-938.113
0.0342053
0.00527268
0.429927
0.0162955
-0.0133142
0.40851
0.433662
-0.0740894
0.0342053
2.02581e-15
0.00189813
3767.74
-1.73201
-0.397309
-0.00589175
0.027968
-0.114823
-0.40851
-941.473
-0.0133142
2.37769e-15
-0.0319406
0.413315
-0.0740894
0.277406
-941.584
-0.0319406
-0.00154004
0.016102
-0.00527268
0.397309
0.413315
0.00554188
0.00185284
-0.583477
0.446446
-0.00589175
0.435713
0.331174
-941.473
-0.28458
0.583477
0.027968
-0.0778239
0.484504
-0.28458
0.0162955
-0.00516548
0.352335
-0.114823
0.446446
-0.00185284
-0.37335
-0.00554188
-938.113
-0.00189813
-0.00155356
0.387217
0.0389464
0.0678189
0.0398147
0.308979
0.00155356
-0.484504
937.916
0.00516548
0.279752
0.216323
0.149588
-0.0778239
-0.0100963
0.0398147
0.0678189
0.016102
-0.0100963
-941.584
-8.73228e-16
-0.0375201
0.112376
-0.585219
-0.168908
0.0375201
0.346281
0.142988
-4.55593
0.250645
-0.122696
-0.849592
8.41514e-16
-0.346281
0.0294307
-0.518555
0.112376
-0.57432
0.346281
0.849592
0.0890923
0.41415
2.37769e-15
-0.0220231
0.0204115
-0.0204115
0.0204115
-0.0890923
-0.57432
0.0890923
0.849592
-0.0220231
-1328.29
-0.0375201
-0.0909791
0.00410436
0.00686361
0.57432
0.142988
-0.0890923
-0.122696
0.0375201
1347.13
0.585219
-0.0294307
-0.518555
0.0155029
-0.0294307
-4.19182
-0.0204115
0.57432
-0.142988
0.0155029
-0.142988
0.122696
-0.000119449
-0.168908
-4.55593
0.585219
0.00410436
0.223545
-8.90424e-17
0.122696
0.394964
-0.0909791
-0.585219
0.0294307
-0.849592
-4.19182
-0.346281
-0.000119449
-0.154137
-38.8124
2.09744
-0.0449153
-0.00139059
-0.824388
0.0781599
0.0108272
0.0121846
0.0348205
-0.403487
1.7046e-05
0.559866
-0.17412
0.0100031
-0.181416
-0.223009
0.0421317
0.0475908
0.411145
-0.137338
0.29241
-0.00778484
2.89767
0.0360689
-0.00126122
-0.0372216
0.0017499
-0.00341712
-47.2244
-0.0169269
-0.713025
-0.00305095
-1492.65
0.226929
-1177.74
0.101353
0.0244686
0.254133
0.0234001
0.260267
-0.243475
0.227299
2714.38
-0.0134893
-0.358846
0.466903
-0.0387499
0.0154433
-0.28458
-0.0111965
-0.123433
0.0398147
386.24
-0.647139
0.479698
0.231427
1211.09
-0.00293026
0.803843
0.143585
0.0425194
0.346281
-1171.15
-0.101597
-390.383
-0.0333222
0.124351
0.21045
0.0389266
0.56814
0.0469962
0.00568033
-0.0317089
0.0960277
1.91922
0.0425194
0.143585
-0.647139
-0.0372216
-0.154137
2.89767
-0.28458
0.0607212
0.35173
1211.09
0.346281
0.261719
0.320816
1.7046e-05
0.00568033
-0.137338
0.0348205
0.260267
0.497461
0.0469962
0.0154433
-1171.15
-47.2244
-0.0333222
1.91922
-0.0449153
-0.0111965
0.0244686
0.0421317
-0.824388
0.124351
-1177.74
-0.181416
-0.00293026
-0.00341712
0.320088
0.0360689
0.0017499
-0.713025
-38.8124
0.116439
-0.123433
-390.383
0.0398147
-0.00139059
-0.243475
-0.00305095
0.56814
-0.0317089
386.24
-0.101597
-0.0387499
-0.358846
0.0234001
0.326135
-0.0134893
0.466903
0.0389266
0.464981
0.559866
0.411145
0.448495
0.0475908
2714.38
0.0108272
-1492.65
2.09744
0.803843
0.0100031
-0.403487
-0.17412
-0.223009
-0.00126122
-0.0169269
-0.00778484
0.0781599
0.318191
-0.00441524
-0.871894
0.358846
-0.361101
1.08711
-0.125467
-0.125467
-0.361101
0.121793
-0.00441524
-0.0226327
-0.0302927
-0.00812452
-0.168908
0.365771
0.358846
-0.0316826
-2.40273
-8.72164
-0.162958
0.0278642
0.000995693
0.00188099
386.24
-0.110102
-0.00020328
0.0164578
0.00188099
0.0244629
0.00455579
0.081092
-0.00836761
-1.22162
0.158027
-0.0765286
-385.388
-0.463774
-3896.99
0.433662
0.155346
2.18802
0.209259
-0.110102
0.335053
0.0938044
-0.871894
0.0138805
-1.22162
0.128488
-0.00812452
0.0164578
0.158027
-0.0296088
0.0938044
-0.0296088
3908.78
-0.0226327
-0.463774
-0.0316826
0.37963
0.286048
-0.0389695
-0.162958
-0.00836761
0.0244629
0.249794
-0.00020328
0.209259
-2.40273
386.24
0.287869
-0.0389695
1.08711
-385.388
0.00205525
0.484504
0.38065
0.484504
0.0144878
-1006.75
-0.585219
0.413395
0.0793485
-919.993
-11.8759
0.371591
0.0183094
0.216071
-1178.34
0.296378
0.00105151
0.0770916
-0.144843
0.0844287
4.4773
-1492.65
-0.0146399
521.724
0.044391
-1022.1
-0.0449153
0.0317682
-0.0544554
-0.010797
-0.0102927
-0.160889
0.00131965
0.0136511
0.181698
-0.167947
-0.00845262
38.1621
-0.0919603
0.161792
-0.824388
0.0835317
0.00403492
0.0415334
0.0352938
0.0985512
0.198036
-1.96468
-0.215989
0.1029
0.0341797
-0.110541
-101.139
-0.00468958
-0.00300295
-0.038754
0.0292282
0.0538814
0.0662045
-48.6372
0.488867
0.0052355
0.685305
-0.808359
1170.79
3646.59
-1.22162
-0.0388056
0.0316826
0.803843
-102.357
-0.0201849
0.25875
0.421527
0.033936
0.176759
0.831819
0.168613
0.450072
-0.0133142
389.721
0.446446
113.893
0.272957
0.00300295
-0.0449153
-0.824388
0.0146399
-0.0388056
-0.0919603
0.308185
0.0686423
38.1621
-0.0133142
0.176759
0.331345
0.0341797
-0.296378
0.46413
-0.215989
0.0052355
-0.808359
0.477351
0.585219
0.148907
-0.0544554
0.038754
0.0835317
0.168613
0.803843
-1178.34
-102.357
4.4773
-0.0352938
-0.0844287
-101.139
0.010797
-0.0316826
-0.0415334
0.00403492
0.421527
3646.59
-919.993
0.0538814
0.0968143
-521.724
1.96468
-11.8759
0.831819
0.27579
0.485244
0.0600066
-0.160889
-0.144843
-1492.65
-0.00845262
0.140058
-389.721
0.0183094
-0.00468958
-0.167947
-113.893
0.419852
0.685305
0.1029
0.413395
-0.00131965
1170.79
1.22162
0.0793485
-48.6372
0.0292282
0.446446
-0.216071
0.0831705
-0.00105151
0.110541
0.0102927
1022.1
-1006.75
0.318191
-0.0136511
0.0952533
0.298479
-0.0201849
0.261719
0.0144878
0.0247343
2.0673
-0.0247343
-0.00931351
0.0141999
-521.724
-0.0116852
-0.00798257
0.358928
0.243475
-0.243475
-0.20399
0.0165473
-1.91922
-0.296378
-0.142526
0.296378
-0.212446
-0.027308
-384.764
0.00035693
0.242306
-0.242306
0.00931351
0.0540287
-2.40273
-1136.29
0.0116852
-2.40273
0.212446
0.198036
-0.518555
0.0697438
-0.462379
-0.112973
-0.192594
0.146932
-1021.61
0.389811
0.20399
-0.583477
-0.0540287
-112.779
0.462379
6181.68
1.21083
0.583477
-0.0372451
0.00200577
-0.17162
0.419852
1.91922
0.447022
0.0592611
0.0531398
521.724
0.112973
-1136.29
0.0697438
-3897.27
0.0024964
0.17162
384.764
-0.0141999
112.779
-1.21083
-8.49839
1021.61
0.300527
0.0024964
0.192594
-0.0427843
-0.0308923
0.0165473
0.0372451
0.446446
-101.139
1170.79
-0.0136511
-0.0352938
-0.144843
-0.00845262
-0.0844287
0.452281
-0.0316826
0.803843
0.0386458
0.0146399
-0.160889
38.1621
0.038754
-0.0201849
-1178.34
-521.724
0.0052355
-0.0449153
0.362853
0.0793485
0.00403492
-113.893
0.421527
-389.721
-1492.65
0.424533
0.0463613
0.0102927
0.0292282
0.168613
0.0341797
0.413395
3646.59
0.585219
4.4773
-0.167947
-0.0415334
0.00300295
1.22162
-102.357
-11.8759
0.0538814
-0.0544554
-0.00105151
0.327617
0.352485
-0.296378
-0.808359
-0.0919603
-1006.75
1022.1
-48.6372
-0.824388
0.179226
-0.00468958
-0.216071
0.0835317
0.1029
0.209762
0.831819
0.010797
-0.00131965
-0.0388056
0.0183094
1.96468
0.0144878
0.110541
0.176759
-0.0133142
-0.215989
-919.993
0.685305
0.363291
0.339813
-0.0201849
0.00131965
0.831819
-0.160889
0.00105151
-1022.1
0.100262
0.0292282
-0.0133142
0.137856
0.803843
0.1858
0.27579
-0.00300295
-0.010797
0.0415334
0.413395
-0.808359
-0.144843
-11.8759
113.893
-0.00468958
-101.139
0.446446
0.0960277
-0.167947
-102.357
-0.0449153
0.0538814
-919.993
0.339747
0.176759
0.0352938
0.0136511
-0.824388
-1178.34
-48.6372
0.0196557
-1492.65
-0.0919603
0.296378
4.4773
-1.22162
-0.0388056
0.455083
-0.00845262
-1.96468
0.421527
-1006.75
0.0844287
389.721
0.0316826
-0.038754
-0.0544554
3646.59
-0.585219
0.190531
0.0052355
-0.110541
0.0183094
1170.79
0.0341797
521.724
0.202756
38.1621
0.00403492
-0.215989
0.0835317
0.216071
0.1029
0.0144878
0.168613
-0.0146399
0.0793485
-0.0102927
0.685305
-0.462379
0.212446
-0.112973
0.289745
384.764
1.91922
0.0165473
0.00200577
-0.0116852
0.17162
6181.68
0.192594
0.417864
0.0372451
-0.027308
112.779
0.488808
0.0894851
0.0540287
-2.40273
1021.61
0.000271006
-0.192594
-0.242306
-1021.61
-0.243475
-0.212446
-0.518555
0.0697438
-0.142526
-0.20399
0.403972
0.0116852
0.462379
0.0555941
0.112973
0.339865
-0.583477
-1.91922
-8.49839
0.0999725
-0.0308923
0.178313
0.296378
0.0024964
-112.779
0.00931351
2.0673
-0.00798257
521.724
-0.0372451
0.0165473
-3897.27
0.0247343
-0.00931351
0.0024964
0.20399
1.21083
0.0592611
-0.17162
0.0141999
0.374645
0.0697438
-521.724
-0.0141999
0.242306
-0.296378
-1.21083
-2.40273
-384.764
0.243475
-1136.29
0.583477
0.05414
0.371591
-0.0247343
-1136.29
-0.0427843
0.00035693
-0.0540287
0.13479
0.219142
-0.00293026
-0.101597
-38.8124
-0.346281
0.698114
-1492.65
-0.0360689
-0.17412
-386.24
-0.0449153
0.0425194
0.307602
0.803843
0.466903
390.383
0.226397
-0.137338
0.41606
-0.0387499
0.0508306
-0.00341712
-0.0154433
0.0372216
0.124351
0.0523879
-0.647139
0.559866
0.00139059
0.00305095
-2.09744
0.113175
-0.411145
-0.181416
1.7046e-05
-0.824388
-0.260267
0.143585
0.358846
0.303138
0.0108272
-0.713025
-0.154137
0.0398147
0.414273
0.495495
0.0475908
-0.0134893
0.0317089
0.56814
0.223009
0.0333222
-1171.15
2.89767
0.0234001
0.428488
0.0244686
-0.28458
0.243475
0.00126122
2714.38
-1.91922
0.0469962
0.0348205
-47.2244
0.0100031
0.0389266
0.300643
1211.09
0.0781599
-0.00568033
0.00778484
-0.0017499
-0.0169269
-0.403487
0.381262
0.0421317
0.0111965
-1177.74
-0.123433
0.0475908
-0.0017499
-0.346281
0.00305095
0.0244686
0.0333222
0.197094
-0.647139
-0.411145
1.7046e-05
-0.713025
0.614401
0.143585
-2.09744
0.0781599
-0.824388
-0.0154433
-0.137338
0.466903
-0.17412
-0.0134893
-47.2244
2714.38
-0.00341712
2.89767
-38.8124
-0.00293026
0.0469962
-1492.65
-0.260267
-1171.15
0.210711
-386.24
0.0421317
0.0555941
0.0425194
0.803843
0.358846
0.00778484
0.515715
-1177.74
0.223009
0.355883
0.164035
0.0463613
-0.0449153
390.383
0.0100031
0.0662045
-0.0387499
0.56814
0.0111965
-0.154137
-0.123433
0.355977
-0.181416
-0.28458
-0.101597
-0.00568033
1211.09
0.0108272
0.559866
-1.91922
0.350393
0.0348205
0.0234001
0.0398147
0.00126122
-0.0169269
-0.403487
0.0389266
0.243475
0.124351
0.30809
0.0317089
0.00139059
0.0372216
-0.0360689
0.110102
0.380577
-0.168908
-0.00020328
0.162958
-0.00441524
-0.0938044
0.110102
-0.0244629
-0.00188099
0.00836761
-0.00188099
-0.209259
-0.125467
0.463774
3908.78
-0.358846
0.0226327
0.358069
-3896.99
-0.00020328
-0.484504
0.463774
0.128722
-0.0296088
385.388
0.00836761
0.361101
0.0316826
-0.158027
0.0316826
0.871894
-2.40273
-0.358846
-386.24
1.22162
-1.08711
0.998046
-0.158027
2.18802
-0.0765286
-1.08711
0.162958
0.128488
-0.0296088
1.22162
0.000995693
0.00455579
-386.24
0.0389695
0.0138805
385.388
-0.0938044
-0.125467
-0.0302927
-0.484504
-0.0164578
0.0389695
0.486843
0.00812452
-8.72164
-0.0244629
0.00205525
0.14843
-0.209259
0.871894
0.0226327
0.361101
-0.00441524
-2.40273
-0.0164578
0.00812452
0.308417
-0.00154004
-1171.15
0.00488976
0.281183
0.000503376
0.495986
-1177.74
0.0570756
0.0839516
-1178.34
-0.271408
-1171.15
-0.242306
0.331345
0.955785
-0.0262496
0.410233
0.387547
-0.0262496
0.221032
0.00248795
0.0111675
0.0173523
0.0186254
-0.00215333
0.0570756
0.0944766
4713.21
0.251176
-0.0171316
0.339694
-1.5288
-0.0188819
0.955785
0.0839516
0.221032
-1.73201
0.0183012
-0.0865195
0.448458
-0.463774
-0.0865195
0.482601
0.428712
0.0122115
-0.271408
-1177.74
-1178.34
0.352335
-0.471714
0.0186254
1170.79
-0.0136747
-8.90424e-17
0.00488976
-0.0188819
0.0944766
-1.5288
1170.79
0.471714
-0.0171316
0.463774
-0.00103177
-1.45664e-15
0.482601
0.28082
0.00215333
0.00103177
0.242306
1.40761
-0.00248795
0.0111675
-0.308417
-0.000503376
-0.0183012
0.0122115
0.0136747
0.161947
0.0186254
0.482601
0.482601
0.0567782
-0.0183012
0.0062741
1170.79
0.471714
-0.00154004
0.242306
-1.5288
0.955785
-0.00215333
-0.0188819
0.00488976
0.00215333
0.0570756
-0.0136747
-1171.15
-8.73228e-16
0.125976
-1171.15
0.221032
0.0457523
0.166954
4713.21
-1.73201
0.0476803
0.00248795
-1177.74
0.955785
-1178.34
0.403491
1.40761
-0.308417
0.0122115
0.00103177
0.000503376
-0.242306
0.0944766
-0.0865195
-0.271408
0.0839516
0.0122115
1170.79
0.00488976
0.0111675
0.0111675
-0.471714
0.0136747
0.40486
0.487793
0.0570756
-0.463774
-3.14819e-15
-0.00248795
0.463774
-0.000503376
-1.5288
-0.0262496
-0.0865195
0.0183012
-1177.74
-0.0171316
0.0186254
0.308417
0.0944766
-0.271408
0.0839516
0.38065
0.221032
-1178.34
-0.0171316
-0.0262496
-0.0188819
-0.00103177
-0.0779926
0.000528505
0.0116595
0.0409264
-1.62894
1.62894
-1.96468
-0.00220184
-0.0116595
2.09744
0.383596
0.0128916
-2.09744
0.000528505
-2.30787
-3.14819e-15
0.217768
0.035592
0.314077
-2.30787
-0.0128916
0.281268
-0.00220184
-0.00568056
0.0556577
1.96468
0.0390101
-1328.29
-0.00568056
-0.0128916
2.02581e-15
0.0532159
-0.0532159
-0.0597699
-8.49839
-0.0532159
1363.08
0.383596
0.428354
0.279587
0.0102405
2.09744
0.214227
1.62894
-0.0779926
-0.383596
-0.0116595
-2.09744
-0.391224
0.197094
-0.314077
-8.49839
-8.72164
-1.45664e-15
0.0116595
-0.391224
0.0779926
-8.72164
0.0128916
0.0444507
0.140058
1.96468
0.00686361
0.0556577
0.0102405
0.314077
-0.314077
-1.62894
-0.383596
-1.96468
0.217768
0.0779926
-6.32833e-16
0.0532159
2.30787
2.30787
-0.0597699
0
1
2
3
4
5
6
7
8
9
10
11
12
13
14
15
16
17
18
19
20
21
22
23
24
25
26
27
28
29
30
31
32
33
34
35
36
37
38
39
40
41
42
43
44
45
46
47
48
49
50
51
52
53
54
55
56
57
58
59
60
61
62
63
64
65
