name: HB/bcsstm02  n: 66 entries: 72  (jumbled version)
66 1
0
1
2
3
4
5
6
7
8
9
10
11
13
14
15
17
18
19
20
21
22
23
24
25
27
28
29
30
31
32
33
34
35
36
37
38
39
40
42
43
45
46
47
48
49
50
51
52
53
54
55
56
57
58
59
60
61
62
63
64
66
67
68
69
70
71
72
0
1
2
3
4
5
6
7
8
9
10
11
11
12
13
14
14
15
16
17
18
19
20
21
22
23
23
24
25
26
27
28
29
30
31
32
33
34
35
36
37
37
38
39
39
40
41
42
43
44
45
46
47
48
49
50
51
52
53
54
55
56
57
58
59
59
60
61
62
63
64
65
0.0921386
0.0921386
0.0921386
0.137996
0.137996
0.137996
0.137996
0.137996
0.137996
0.0921386
0.0921386
0.0921386
0.164449
0.172829
0.172829
0.172829
0.0039726
0.0852384
0.0852384
0.0852384
0.0852384
0.0852384
0.0852384
0.172829
0.172829
0.0606723
0.172829
0.0617332
0.0617332
0.0617332
0.141308
0.141308
0.141308
0.141308
0.141308
0.141308
0.0617332
0.0617332
0.0617332
0.125427
0.125427
0.13326
0.125427
0.160695
0.0533209
0.0533209
0.0533209
0.0533209
0.0533209
0.0533209
0.125427
0.125427
0.125427
0.0231706
0.0231706
0.0231706
0.0305932
0.0305932
0.0305932
0.0648569
0.0648569
0.0648569
0.0648569
0.0648569
0.15651
0.0648569
0.0305932
0.0305932
0.0305932
0.0197469
0.0197469
0.0197469
0
1
2
3
4
5
6
7
8
9
10
11
12
13
14
15
16
17
18
19
20
21
22
23
24
25
26
27
28
29
30
31
32
33
34
35
36
37
38
39
40
41
42
43
44
45
46
47
48
49
50
51
52
53
54
55
56
57
58
59
60
61
62
63
64
65
