44 55 -1.863354 0.1
54 61 -1.863354 0.1
29 37 -1.567398 0.1
44 56 -1.490683 0.1
54 62 -1.490683 0.1
9 12 -1.265823 0.1
29 38 -1.253918 0.1
44 57 -1.118012 0.1
54 63 -1.118012 0.1
15 31 -1.05 0.1
16 32 -1.05 0.1
17 33 -1.05 0.1
18 34 -1.05 0.1
19 35 -1.05 0.1
24 31 -1.05 0.1
25 32 -1.05 0.1
26 33 -1.05 0.1
27 34 -1.05 0.1
28 35 -1.05 0.1
9 13 -1.012658 0.1
10 20 -1 0.1
11 21 -1 0.1
12 22 -1 0.1
13 23 -1 0.1
14 24 -1 0.1
30 49 -0.9722222 0.1
31 50 -0.9722222 0.1
32 51 -0.9722222 0.1
33 52 -0.9722222 0.1
34 53 -0.9722222 0.1
39 49 -0.9722222 0.1
40 50 -0.9722222 0.1
41 51 -0.9722222 0.1
42 52 -0.9722222 0.1
43 53 -0.9722222 0.1
35 25 -0.9583187 0.1
36 26 -0.9583187 0.1
37 27 -0.9583187 0.1
38 28 -0.9583187 0.1
49 55 -0.9444444 0.1
50 56 -0.9444444 0.1
51 57 -0.9444444 0.1
52 58 -0.9444444 0.1
53 59 -0.9444444 0.1
29 39 -0.9404389 0.1
20 1 -0.9159533 0.1
21 2 -0.9159533 0.1
22 3 -0.9159533 0.1
23 4 -0.9159533 0.1
0 7 -0.8341818 0.1
1 8 -0.8341818 0.1
2 9 -0.8341818 0.1
3 10 -0.8341818 0.1
45 43 -0.8242248 0.1
46 44 -0.8242248 0.1
47 45 -0.8242248 0.1
48 46 -0.8242248 0.1
4 1 -0.8 0.1
5 2 -0.8 0.1
6 3 -0.8 0.1
7 4 -0.8 0.1
8 5 -0.8 0.1
9 14 -0.7594937 0.1
44 58 -0.7453416 0.1
54 64 -0.7453416 0.1
29 40 -0.6269592 0.1
9 15 -0.5063291 0.1
44 59 -0.3726708 0.1
54 65 -0.3726708 0.1
0 17 -0.3361556 0.1
29 41 -0.3134796 0.1
1 17 -0.2939196 0.1
20 42 -0.2788416 0.1
4 0 -0.2788416 0.1
21 42 -0.2680186 0.1
5 0 -0.2680186 0.1
52 54 -0.2667757 0.1
53 54 -0.2630706 0.1
48 66 -0.2541193 0.1
9 16 -0.2531646 0.1
37 60 -0.2475675 0.1
47 66 -0.2421498 0.1
33 48 -0.2362845 0.1
42 48 -0.2362845 0.1
36 60 -0.2356469 0.1
22 42 -0.2323717 0.1
6 0 -0.2323717 0.1
32 48 -0.2303917 0.1
41 48 -0.2303917 0.1
17 30 -0.2286264 0.1
26 30 -0.2286264 0.1
16 30 -0.2232997 0.1
25 30 -0.2232997 0.1
2 17 -0.2214815 0.1
12 19 -0.2144206 0.1
11 19 -0.2140392 0.1
51 54 -0.2122056 0.1
38 60 -0.2074873 0.1
10 19 -0.2071759 0.1
15 30 -0.2070986 0.1
24 30 -0.2070986 0.1
35 60 -0.2069954 0.1
18 30 -0.2024528 0.1
27 30 -0.2024528 0.1
13 19 -0.1986768 0.1
31 48 -0.1947711 0.1
40 48 -0.1947711 0.1
46 66 -0.1918557 0.1
34 48 -0.18039 0.1
43 48 -0.18039 0.1
14 19 -0.1656874 0.1
30 48 -0.1581626 0.1
39 48 -0.1581626 0.1
23 42 -0.1575082 0.1
7 0 -0.1575082 0.1
50 54 -0.1514908 0.1
45 66 -0.1443354 0.1
19 30 -0.1385226 0.1
28 30 -0.1385226 0.1
3 17 -0.118986 0.1
49 54 -0.1064573 0.1
8 0 -0.06325978 0.1
8 6 0.01178291 0.1
28 0 0.03162989 0.1
7 6 0.04759439 0.1
39 54 0.05322864 0.1
40 54 0.07574542 0.1
27 0 0.07875411 0.1
24 36 0.08147449 0.1
6 6 0.08859262 0.1
30 36 0.09052721 0.1
28 36 0.09241909 0.1
25 36 0.09789015 0.1
19 19 0.09941246 0.1
34 36 0.1026879 0.1
41 54 0.1061028 0.1
31 36 0.1087668 0.1
26 36 0.1131608 0.1
27 36 0.1150555 0.1
26 0 0.1161859 0.1
5 6 0.1175679 0.1
18 19 0.1192061 0.1
15 19 0.1243055 0.1
32 36 0.1257342 0.1
33 36 0.1278394 0.1
16 19 0.1284235 0.1
17 19 0.1286524 0.1
43 54 0.1315353 0.1
42 54 0.1333878 0.1
25 0 0.1340093 0.1
4 6 0.1344622 0.1
24 0 0.1394208 0.1
30 43 0.25 0.1
31 44 0.25 0.1
32 45 0.25 0.1
33 46 0.25 0.1
34 47 0.25 0.1
10 12 0.3333333 0.1
11 13 0.3333333 0.1
12 14 0.3333333 0.1
13 15 0.3333333 0.1
14 16 0.3333333 0.1
24 1 0.4 0.1
25 2 0.4 0.1
26 3 0.4 0.1
27 4 0.4 0.1
28 5 0.4 0.1
4 12 0.4 0.1
4 7 0.4 0.1
5 13 0.4 0.1
5 8 0.4 0.1
6 14 0.4 0.1
6 9 0.4 0.1
7 10 0.4 0.1
7 15 0.4 0.1
8 11 0.4 0.1
8 16 0.4 0.1
49 61 0.4444444 0.1
50 62 0.4444444 0.1
51 63 0.4444444 0.1
52 64 0.4444444 0.1
53 65 0.4444444 0.1
15 25 0.45 0.1
16 26 0.45 0.1
17 27 0.45 0.1
18 28 0.45 0.1
19 29 0.45 0.1
39 55 0.4722222 0.1
40 56 0.4722222 0.1
41 57 0.4722222 0.1
42 58 0.4722222 0.1
43 59 0.4722222 0.1
39 25 0.5 0.1
40 26 0.5 0.1
41 27 0.5 0.1
42 28 0.5 0.1
43 29 0.5 0.1
49 43 0.5 0.1
50 44 0.5 0.1
51 45 0.5 0.1
52 46 0.5 0.1
53 47 0.5 0.1
3 15 0.5063291 0.1
15 20 0.6 0.1
16 21 0.6 0.1
17 22 0.6 0.1
18 23 0.6 0.1
19 24 0.6 0.1
23 40 0.6269592 0.1
24 37 0.65 0.1
25 38 0.65 0.1
26 39 0.65 0.1
27 40 0.65 0.1
28 41 0.65 0.1
14 18 0.6666667 0.1
30 37 0.7222222 0.1
31 38 0.7222222 0.1
32 39 0.7222222 0.1
33 40 0.7222222 0.1
34 41 0.7222222 0.1
38 58 0.7453416 0.1
48 64 0.7453416 0.1
2 14 0.7594937 0.1
22 39 0.9404389 0.1
59 31 0.5 0.1
59 32 0.5 0.1
59 33 0.5 0.1
59 34 0.5 0.1
59 35 0.5 0.1
29 42 1 0.1
44 60 1 0.1
54 66 1 0.1
55 18 1 0.1
56 10 1 0.1
56 11 1 0.1
56 7 1 0.1
56 8 1 0.1
56 9 1 0.1
57 12 1 0.1
57 13 1 0.1
57 14 1 0.1
57 15 1 0.1
57 16 1 0.1
58 20 1 0.1
58 21 1 0.1
58 22 1 0.1
58 23 1 0.1
58 24 1 0.1
59 31 0.5 0.1
59 32 0.5 0.1
59 33 0.5 0.1
59 34 0.5 0.1
59 35 0.5 0.1
60 1 1 0.1
60 2 1 0.1
60 3 1 0.1
60 4 1 0.1
60 5 1 0.1
61 37 1 0.1
61 38 1 0.1
61 39 1 0.1
61 40 1 0.1
61 41 1 0.1
62 49 1 0.1
62 50 1 0.1
62 51 1 0.1
62 52 1 0.1
62 53 1 0.1
63 25 1 0.1
63 26 1 0.1
63 27 1 0.1
63 28 1 0.1
63 29 1 0.1
64 55 1 0.1
64 56 1 0.1
64 57 1 0.1
64 58 1 0.1
64 59 1 0.1
65 43 1 0.1
65 44 1 0.1
65 45 1 0.1
65 46 1 0.1
65 47 1 0.1
66 61 1 0.1
66 62 1 0.1
66 63 1 0.1
66 64 1 0.1
66 65 1 0.1
9 17 1 0.1
1 13 1.012658 0.1
37 57 1.118012 0.1
47 63 1.118012 0.1
21 38 1.253918 0.1
0 12 1.265823 0.1
36 56 1.490683 0.1
46 62 1.490683 0.1
20 37 1.567398 0.1
35 55 1.863354 0.1
45 61 1.863354 0.1
