0 0 -218.46 0
1 0 128 0
29 0 128 0
0 1 128 0
1 1 -218.46 0
2 1 128 0
30 1 128 0
1 2 128 0
2 2 -218.46 0
3 2 128 0
31 2 128 0
2 3 128 0
3 3 -218.46 0
4 3 128 0
32 3 128 0
3 4 128 0
4 4 -218.46 0
5 4 128 0
33 4 128 0
4 5 128 0
5 5 -218.46 0
6 5 128 0
34 5 128 0
5 6 128 0
6 6 -218.46 0
7 6 128 0
35 6 128 0
6 7 128 0
7 7 -218.46 0
8 7 128 0
36 7 128 0
7 8 128 0
8 8 -218.46 0
9 8 128 0
37 8 128 0
8 9 128 0
9 9 -218.46 0
10 9 128 0
38 9 128 0
9 10 128 0
10 10 -218.46 0
11 10 128 0
39 10 128 0
10 11 128 0
11 11 -218.46 0
12 11 128 0
40 11 128 0
11 12 128 0
12 12 -218.46 0
13 12 128 0
41 12 128 0
12 13 128 0
13 13 -218.46 0
14 13 128 0
42 13 128 0
13 14 128 0
14 14 -218.46 0
15 14 128 0
43 14 128 0
14 15 128 0
15 15 -218.46 0
16 15 128 0
44 15 128 0
15 16 128 0
16 16 -218.46 0
17 16 128 0
45 16 128 0
16 17 128 0
17 17 -218.46 0
18 17 128 0
46 17 128 0
17 18 128 0
18 18 -218.46 0
19 18 128 0
47 18 128 0
18 19 128 0
19 19 -218.46 0
20 19 128 0
48 19 128 0
19 20 128 0
20 20 -218.46 0
21 20 128 0
49 20 128 0
20 21 128 0
21 21 -218.46 0
22 21 128 0
50 21 128 0
21 22 128 0
22 22 -218.46 0
23 22 128 0
51 22 128 0
22 23 128 0
23 23 -218.46 0
24 23 128 0
52 23 128 0
23 24 128 0
24 24 -218.46 0
25 24 128 0
53 24 128 0
24 25 128 0
25 25 -218.46 0
26 25 128 0
54 25 128 0
25 26 128 0
26 26 -218.46 0
27 26 128 0
55 26 128 0
26 27 128 0
27 27 -218.46 0
28 27 128 0
56 27 128 0
27 28 128 0
28 28 -218.46 0
57 28 128 0
0 29 128 0
29 29 -218.46 0
30 29 128 0
58 29 128 0
1 30 128 0
29 30 128 0
30 30 -218.46 0
31 30 128 0
59 30 128 0
2 31 128 0
30 31 128 0
31 31 -218.46 0
32 31 128 0
60 31 128 0
3 32 128 0
31 32 128 0
32 32 -218.46 0
33 32 128 0
61 32 128 0
4 33 128 0
32 33 128 0
33 33 -218.46 0
34 33 128 0
62 33 128 0
5 34 128 0
33 34 128 0
34 34 -218.46 0
35 34 128 0
63 34 128 0
6 35 128 0
34 35 128 0
35 35 -218.46 0
36 35 128 0
64 35 128 0
7 36 128 0
35 36 128 0
36 36 -218.46 0
37 36 128 0
65 36 128 0
8 37 128 0
36 37 128 0
37 37 -218.46 0
38 37 128 0
66 37 128 0
9 38 128 0
37 38 128 0
38 38 -218.46 0
39 38 128 0
67 38 128 0
10 39 128 0
38 39 128 0
39 39 -218.46 0
40 39 128 0
68 39 128 0
11 40 128 0
39 40 128 0
40 40 -218.46 0
41 40 128 0
69 40 128 0
12 41 128 0
40 41 128 0
41 41 -218.46 0
42 41 128 0
70 41 128 0
13 42 128 0
41 42 128 0
42 42 -218.46 0
43 42 128 0
71 42 128 0
14 43 128 0
42 43 128 0
43 43 -218.46 0
44 43 128 0
72 43 128 0
15 44 128 0
43 44 128 0
44 44 -218.46 0
45 44 128 0
73 44 128 0
16 45 128 0
44 45 128 0
45 45 -218.46 0
46 45 128 0
74 45 128 0
17 46 128 0
45 46 128 0
46 46 -218.46 0
47 46 128 0
75 46 128 0
18 47 128 0
46 47 128 0
47 47 -218.46 0
48 47 128 0
76 47 128 0
19 48 128 0
47 48 128 0
48 48 -218.46 0
49 48 128 0
77 48 128 0
20 49 128 0
48 49 128 0
49 49 -218.46 0
50 49 128 0
78 49 128 0
21 50 128 0
49 50 128 0
50 50 -218.46 0
51 50 128 0
79 50 128 0
22 51 128 0
50 51 128 0
51 51 -218.46 0
52 51 128 0
80 51 128 0
23 52 128 0
51 52 128 0
52 52 -218.46 0
53 52 128 0
81 52 128 0
24 53 128 0
52 53 128 0
53 53 -218.46 0
54 53 128 0
82 53 128 0
25 54 128 0
53 54 128 0
54 54 -218.46 0
55 54 128 0
83 54 128 0
26 55 128 0
54 55 128 0
55 55 -218.46 0
56 55 128 0
84 55 128 0
27 56 128 0
55 56 128 0
56 56 -218.46 0
57 56 128 0
85 56 128 0
28 57 128 0
56 57 128 0
57 57 -218.46 0
86 57 128 0
29 58 128 0
58 58 -218.46 0
59 58 128 0
87 58 128 0
30 59 128 0
58 59 128 0
59 59 -218.46 0
60 59 128 0
88 59 128 0
31 60 128 0
59 60 128 0
60 60 -218.46 0
61 60 128 0
89 60 128 0
32 61 128 0
60 61 128 0
61 61 -218.46 0
62 61 128 0
90 61 128 0
33 62 128 0
61 62 128 0
62 62 -218.46 0
63 62 128 0
91 62 128 0
34 63 128 0
62 63 128 0
63 63 -218.46 0
64 63 128 0
92 63 128 0
35 64 128 0
63 64 128 0
64 64 -218.46 0
65 64 128 0
93 64 128 0
36 65 128 0
64 65 128 0
65 65 -218.46 0
66 65 128 0
94 65 128 0
37 66 128 0
65 66 128 0
66 66 -218.46 0
67 66 128 0
95 66 128 0
38 67 128 0
66 67 128 0
67 67 -218.46 0
68 67 128 0
96 67 128 0
39 68 128 0
67 68 128 0
68 68 -218.46 0
69 68 128 0
97 68 86.627 0
40 69 128 0
68 69 128 0
69 69 -218.46 0
70 69 128 0
98 69 86.627 0
41 70 128 0
69 70 128 0
70 70 -218.46 0
71 70 128 0
99 70 86.627 0
42 71 128 0
70 71 128 0
71 71 -218.46 0
72 71 128 0
100 71 128 0
43 72 128 0
71 72 128 0
72 72 -218.46 0
73 72 128 0
101 72 128 0
44 73 128 0
72 73 128 0
73 73 -218.46 0
74 73 128 0
102 73 128 0
45 74 128 0
73 74 128 0
74 74 -218.46 0
75 74 128 0
103 74 86.627 0
46 75 128 0
74 75 128 0
75 75 -218.46 0
76 75 128 0
104 75 86.627 0
47 76 128 0
75 76 128 0
76 76 -218.46 0
77 76 128 0
105 76 86.627 0
48 77 128 0
76 77 128 0
77 77 -218.46 0
78 77 128 0
106 77 128 0
49 78 128 0
77 78 128 0
78 78 -218.46 0
79 78 128 0
107 78 128 0
50 79 128 0
78 79 128 0
79 79 -218.46 0
80 79 128 0
108 79 128 0
51 80 128 0
79 80 128 0
80 80 -218.46 0
81 80 128 0
109 80 128 0
52 81 128 0
80 81 128 0
81 81 -218.46 0
82 81 128 0
110 81 128 0
53 82 128 0
81 82 128 0
82 82 -218.46 0
83 82 128 0
111 82 128 0
54 83 128 0
82 83 128 0
83 83 -218.46 0
84 83 128 0
112 83 128 0
55 84 128 0
83 84 128 0
84 84 -218.46 0
85 84 128 0
113 84 128 0
56 85 128 0
84 85 128 0
85 85 -218.46 0
86 85 128 0
114 85 128 0
57 86 128 0
85 86 128 0
86 86 -218.46 0
115 86 128 0
58 87 128 0
87 87 -218.46 0
88 87 128 0
116 87 128 0
59 88 128 0
87 88 128 0
88 88 -218.46 0
89 88 128 0
117 88 128 0
60 89 128 0
88 89 128 0
89 89 -218.46 0
90 89 128 0
118 89 128 0
61 90 128 0
89 90 128 0
90 90 -218.46 0
91 90 128 0
119 90 128 0
62 91 128 0
90 91 128 0
91 91 -218.46 0
92 91 128 0
120 91 128 0
63 92 128 0
91 92 128 0
92 92 -218.46 0
93 92 128 0
121 92 128 0
64 93 128 0
92 93 128 0
93 93 -218.46 0
94 93 128 0
122 93 128 0
65 94 128 0
93 94 128 0
94 94 -218.46 0
95 94 128 0
123 94 128 0
66 95 128 0
94 95 128 0
95 95 -218.46 0
96 95 128 0
124 95 86.627 0
67 96 128 0
95 96 128 0
96 96 -218.46 0
97 96 86.627 0
125 96 86.627 0
68 97 86.627 0
96 97 86.627 0
97 97 -63.965 -26.544
98 97 45.254 0
126 97 45.254 0
69 98 86.627 0
97 98 45.254 0
98 98 -63.965 -26.544
99 98 45.254 0
127 98 45.254 0
70 99 86.627 0
98 99 45.254 0
99 99 -63.965 -26.544
100 99 86.627 0
128 99 22.627064 0
71 100 128 0
99 100 86.627 0
100 100 -218.46 0
101 100 128 0
129 100 128 0
72 101 128 0
100 101 128 0
101 101 -218.46 0
102 101 128 0
130 101 128 0
73 102 128 0
101 102 128 0
102 102 -218.46 0
103 102 86.627 0
131 102 128 0
74 103 86.627 0
102 103 86.627 0
103 103 -63.965 -26.544
104 103 45.254 0
132 103 22.627064 0
75 104 86.627 0
103 104 45.254 0
104 104 -63.965 -26.544
105 104 45.254 0
133 104 45.254 0
76 105 86.627 0
104 105 45.254 0
105 105 -63.965 -26.544
106 105 86.627 0
134 105 45.254 0
77 106 128 0
105 106 86.627 0
106 106 -218.46 0
107 106 128 0
135 106 86.627 0
78 107 128 0
106 107 128 0
107 107 -218.46 0
108 107 128 0
136 107 86.627 0
79 108 128 0
107 108 128 0
108 108 -218.46 0
109 108 128 0
137 108 128 0
80 109 128 0
108 109 128 0
109 109 -218.46 0
110 109 128 0
138 109 128 0
81 110 128 0
109 110 128 0
110 110 -218.46 0
111 110 128 0
139 110 128 0
82 111 128 0
110 111 128 0
111 111 -218.46 0
112 111 128 0
140 111 128 0
83 112 128 0
111 112 128 0
112 112 -218.46 0
113 112 128 0
141 112 128 0
84 113 128 0
112 113 128 0
113 113 -218.46 0
114 113 128 0
142 113 128 0
85 114 128 0
113 114 128 0
114 114 -218.46 0
115 114 128 0
143 114 128 0
86 115 128 0
114 115 128 0
115 115 -218.46 0
144 115 128 0
87 116 128 0
116 116 -218.46 0
117 116 128 0
145 116 128 0
88 117 128 0
116 117 128 0
117 117 -218.46 0
118 117 128 0
146 117 128 0
89 118 128 0
117 118 128 0
118 118 -218.46 0
119 118 128 0
147 118 128 0
90 119 128 0
118 119 128 0
119 119 -218.46 0
120 119 128 0
148 119 128 0
91 120 128 0
119 120 128 0
120 120 -218.46 0
121 120 128 0
149 120 128 0
92 121 128 0
120 121 128 0
121 121 -218.46 0
122 121 128 0
150 121 128 0
93 122 128 0
121 122 128 0
122 122 -218.46 0
123 122 128 0
151 122 128 0
94 123 128 0
122 123 128 0
123 123 -218.46 0
124 123 86.627 0
152 123 86.627 0
95 124 86.627 0
123 124 86.627 0
124 124 -63.965 -26.544
125 124 45.254 0
153 124 45.254 0
96 125 86.627 0
124 125 45.254 0
125 125 -63.965 -26.544
126 125 45.254 0
154 125 22.627064 0
97 126 45.254 0
125 126 45.254 0
126 126 -63.965 -26.544
127 126 45.254 0
155 126 22.627064 0
98 127 45.254 0
126 127 45.254 0
127 127 -63.965 -26.544
128 127 22.627064 0
156 127 22.627064 0
99 128 22.627064 0
127 128 22.627064 0
128 128 -0.000218 -37.54
129 128 64.000064 0
157 128 0.000128 0
100 129 128 0
128 129 64.000064 0
129 129 -218.46 0
130 129 128 0
158 129 128 0
101 130 128 0
129 130 128 0
130 130 -218.46 0
131 130 128 0
159 130 128 0
102 131 128 0
130 131 128 0
131 131 -218.46 0
132 131 64.000064 0
160 131 128 0
103 132 22.627064 0
131 132 64.000064 0
132 132 -0.000218 -37.54
133 132 22.627064 0
161 132 0.000128 0
104 133 45.254 0
132 133 22.627064 0
133 133 -63.965 -26.544
134 133 45.254 0
162 133 22.627064 0
105 134 45.254 0
133 134 45.254 0
134 134 -63.965 -26.544
135 134 45.254 0
163 134 22.627064 0
106 135 86.627 0
134 135 45.254 0
135 135 -63.965 -26.544
136 135 45.254 0
164 135 22.627064 0
107 136 86.627 0
135 136 45.254 0
136 136 -63.965 -26.544
137 136 86.627 0
165 136 45.254 0
108 137 128 0
136 137 86.627 0
137 137 -218.46 0
138 137 128 0
166 137 86.627 0
109 138 128 0
137 138 128 0
138 138 -218.46 0
139 138 128 0
167 138 128 0
110 139 128 0
138 139 128 0
139 139 -218.46 0
140 139 128 0
168 139 128 0
111 140 128 0
139 140 128 0
140 140 -218.46 0
141 140 128 0
169 140 128 0
112 141 128 0
140 141 128 0
141 141 -218.46 0
142 141 128 0
170 141 128 0
113 142 128 0
141 142 128 0
142 142 -218.46 0
143 142 128 0
171 142 128 0
114 143 128 0
142 143 128 0
143 143 -218.46 0
144 143 128 0
172 143 128 0
115 144 128 0
143 144 128 0
144 144 -218.46 0
173 144 128 0
116 145 128 0
145 145 -218.46 0
146 145 128 0
174 145 128 0
117 146 128 0
145 146 128 0
146 146 -218.46 0
147 146 128 0
175 146 128 0
118 147 128 0
146 147 128 0
147 147 -218.46 0
148 147 128 0
176 147 128 0
119 148 128 0
147 148 128 0
148 148 -218.46 0
149 148 128 0
177 148 128 0
120 149 128 0
148 149 128 0
149 149 -218.46 0
150 149 128 0
178 149 128 0
121 150 128 0
149 150 128 0
150 150 -218.46 0
151 150 128 0
179 150 128 0
122 151 128 0
150 151 128 0
151 151 -218.46 0
152 151 86.627 0
180 151 86.627 0
123 152 86.627 0
151 152 86.627 0
152 152 -63.965 -26.544
153 152 45.254 0
181 152 45.254 0
124 153 45.254 0
152 153 45.254 0
153 153 -63.965 -26.544
154 153 22.627064 0
182 153 22.627064 0
125 154 22.627064 0
153 154 22.627064 0
154 154 -0.000218 -37.54
155 154 0.000128 0
183 154 0.000128 0
126 155 22.627064 0
154 155 0.000128 0
155 155 -0.000218 -37.54
156 155 0.000128 0
184 155 0.000128 0
127 156 22.627064 0
155 156 0.000128 0
156 156 -0.000218 -37.54
157 156 0.000128 0
185 156 64.000064 0
128 157 0.000128 0
156 157 0.000128 0
157 157 -0.000218 -37.54
158 157 64.000064 0
186 157 64.000064 0
129 158 128 0
157 158 64.000064 0
158 158 -218.46 0
159 158 128 0
187 158 128 0
130 159 128 0
158 159 128 0
159 159 -218.46 0
160 159 128 0
188 159 128 0
131 160 128 0
159 160 128 0
160 160 -218.46 0
161 160 64.000064 0
189 160 128 0
132 161 0.000128 0
160 161 64.000064 0
161 161 -0.000218 -37.54
162 161 0.000128 0
190 161 64.000064 0
133 162 22.627064 0
161 162 0.000128 0
162 162 -0.000218 -37.54
163 162 0.000128 0
191 162 64.000064 0
134 163 22.627064 0
162 163 0.000128 0
163 163 -0.000218 -37.54
164 163 0.000128 0
192 163 0.000128 0
135 164 22.627064 0
163 164 0.000128 0
164 164 -0.000218 -37.54
165 164 22.627064 0
193 164 0.000128 0
136 165 45.254 0
164 165 22.627064 0
165 165 -63.965 -26.544
166 165 45.254 0
194 165 22.627064 0
137 166 86.627 0
165 166 45.254 0
166 166 -63.965 -26.544
167 166 86.627 0
195 166 45.254 0
138 167 128 0
166 167 86.627 0
167 167 -218.46 0
168 167 128 0
196 167 86.627 0
139 168 128 0
167 168 128 0
168 168 -218.46 0
169 168 128 0
197 168 128 0
140 169 128 0
168 169 128 0
169 169 -218.46 0
170 169 128 0
198 169 128 0
141 170 128 0
169 170 128 0
170 170 -218.46 0
171 170 128 0
199 170 128 0
142 171 128 0
170 171 128 0
171 171 -218.46 0
172 171 128 0
200 171 128 0
143 172 128 0
171 172 128 0
172 172 -218.46 0
173 172 128 0
201 172 128 0
144 173 128 0
172 173 128 0
173 173 -218.46 0
202 173 128 0
145 174 128 0
174 174 -218.46 0
175 174 128 0
203 174 128 0
146 175 128 0
174 175 128 0
175 175 -218.46 0
176 175 128 0
204 175 128 0
147 176 128 0
175 176 128 0
176 176 -218.46 0
177 176 128 0
205 176 128 0
148 177 128 0
176 177 128 0
177 177 -218.46 0
178 177 128 0
206 177 128 0
149 178 128 0
177 178 128 0
178 178 -218.46 0
179 178 128 0
207 178 128 0
150 179 128 0
178 179 128 0
179 179 -218.46 0
180 179 86.627 0
208 179 86.627 0
151 180 86.627 0
179 180 86.627 0
180 180 -63.965 -26.544
181 180 45.254 0
209 180 45.254 0
152 181 45.254 0
180 181 45.254 0
181 181 -63.965 -26.544
182 181 22.627064 0
210 181 22.627064 0
153 182 22.627064 0
181 182 22.627064 0
182 182 -0.000218 -37.54
183 182 0.000128 0
211 182 0.000128 0
154 183 0.000128 0
182 183 0.000128 0
183 183 -0.000218 -37.54
184 183 0.000128 0
212 183 64.000064 0
155 184 0.000128 0
183 184 0.000128 0
184 184 -0.000218 -37.54
185 184 64.000064 0
213 184 64.000064 0
156 185 64.000064 0
184 185 64.000064 0
185 185 -218.46 0
186 185 128 0
214 185 128 0
157 186 64.000064 0
185 186 128 0
186 186 -218.46 0
187 186 128 0
215 186 128 0
158 187 128 0
186 187 128 0
187 187 -218.46 0
188 187 128 0
216 187 128 0
159 188 128 0
187 188 128 0
188 188 -218.46 0
189 188 128 0
217 188 128 0
160 189 128 0
188 189 128 0
189 189 -218.46 0
190 189 128 0
218 189 128 0
161 190 64.000064 0
189 190 128 0
190 190 -218.46 0
191 190 128 0
219 190 128 0
162 191 64.000064 0
190 191 128 0
191 191 -218.46 0
192 191 64.000064 0
220 191 128 0
163 192 0.000128 0
191 192 64.000064 0
192 192 -0.000218 -37.54
193 192 0.000128 0
221 192 64.000064 0
164 193 0.000128 0
192 193 0.000128 0
193 193 -0.000218 -37.54
194 193 0.000128 0
222 193 64.000064 0
165 194 22.627064 0
193 194 0.000128 0
194 194 -0.000218 -37.54
195 194 22.627064 0
223 194 0.000128 0
166 195 45.254 0
194 195 22.627064 0
195 195 -63.965 -26.544
196 195 45.254 0
224 195 22.627064 0
167 196 86.627 0
195 196 45.254 0
196 196 -63.965 -26.544
197 196 86.627 0
225 196 45.254 0
168 197 128 0
196 197 86.627 0
197 197 -218.46 0
198 197 128 0
226 197 86.627 0
169 198 128 0
197 198 128 0
198 198 -218.46 0
199 198 128 0
227 198 128 0
170 199 128 0
198 199 128 0
199 199 -218.46 0
200 199 128 0
228 199 128 0
171 200 128 0
199 200 128 0
200 200 -218.46 0
201 200 128 0
229 200 128 0
172 201 128 0
200 201 128 0
201 201 -218.46 0
202 201 128 0
230 201 128 0
173 202 128 0
201 202 128 0
202 202 -218.46 0
231 202 128 0
174 203 128 0
203 203 -218.46 0
204 203 128 0
232 203 128 0
175 204 128 0
203 204 128 0
204 204 -218.46 0
205 204 128 0
233 204 128 0
176 205 128 0
204 205 128 0
205 205 -218.46 0
206 205 128 0
234 205 128 0
177 206 128 0
205 206 128 0
206 206 -218.46 0
207 206 128 0
235 206 128 0
178 207 128 0
206 207 128 0
207 207 -218.46 0
208 207 86.627 0
236 207 86.627 0
179 208 86.627 0
207 208 86.627 0
208 208 -63.965 -26.544
209 208 45.254 0
237 208 45.254 0
180 209 45.254 0
208 209 45.254 0
209 209 -63.965 -26.544
210 209 22.627064 0
238 209 22.627064 0
181 210 22.627064 0
209 210 22.627064 0
210 210 -0.000218 -37.54
211 210 0.000128 0
239 210 0.000128 0
182 211 0.000128 0
210 211 0.000128 0
211 211 -0.000218 -37.54
212 211 64.000064 0
240 211 64.000064 0
183 212 64.000064 0
211 212 64.000064 0
212 212 -218.46 0
213 212 128 0
241 212 128 0
184 213 64.000064 0
212 213 128 0
213 213 -218.46 0
214 213 128 0
242 213 128 0
185 214 128 0
213 214 128 0
214 214 -218.46 0
215 214 128 0
243 214 128 0
186 215 128 0
214 215 128 0
215 215 -218.46 0
216 215 128 0
244 215 128 0
187 216 128 0
215 216 128 0
216 216 -218.46 0
217 216 128 0
245 216 128 0
188 217 128 0
216 217 128 0
217 217 -218.46 0
218 217 128 0
246 217 128 0
189 218 128 0
217 218 128 0
218 218 -218.46 0
219 218 128 0
247 218 128 0
190 219 128 0
218 219 128 0
219 219 -218.46 0
220 219 128 0
248 219 128 0
191 220 128 0
219 220 128 0
220 220 -218.46 0
221 220 128 0
249 220 128 0
192 221 64.000064 0
220 221 128 0
221 221 -218.46 0
222 221 128 0
250 221 128 0
193 222 64.000064 0
221 222 128 0
222 222 -218.46 0
223 222 64.000064 0
251 222 128 0
194 223 0.000128 0
222 223 64.000064 0
223 223 -0.000218 -37.54
224 223 0.000128 0
252 223 64.000064 0
195 224 22.627064 0
223 224 0.000128 0
224 224 -0.000218 -37.54
225 224 22.627064 0
253 224 0.000128 0
196 225 45.254 0
224 225 22.627064 0
225 225 -63.965 -26.544
226 225 45.254 0
254 225 22.627064 0
197 226 86.627 0
225 226 45.254 0
226 226 -63.965 -26.544
227 226 86.627 0
255 226 45.254 0
198 227 128 0
226 227 86.627 0
227 227 -218.46 0
228 227 128 0
256 227 86.627 0
199 228 128 0
227 228 128 0
228 228 -218.46 0
229 228 128 0
257 228 128 0
200 229 128 0
228 229 128 0
229 229 -218.46 0
230 229 128 0
258 229 128 0
201 230 128 0
229 230 128 0
230 230 -218.46 0
231 230 128 0
259 230 128 0
202 231 128 0
230 231 128 0
231 231 -218.46 0
260 231 128 0
203 232 128 0
232 232 -218.46 0
233 232 128 0
261 232 128 0
204 233 128 0
232 233 128 0
233 233 -218.46 0
234 233 128 0
262 233 128 0
205 234 128 0
233 234 128 0
234 234 -218.46 0
235 234 128 0
263 234 128 0
206 235 128 0
234 235 128 0
235 235 -218.46 0
236 235 86.627 0
264 235 128 0
207 236 86.627 0
235 236 86.627 0
236 236 -63.965 -26.544
237 236 45.254 0
265 236 45.254 0
208 237 45.254 0
236 237 45.254 0
237 237 -63.965 -26.544
238 237 22.627064 0
266 237 22.627064 0
209 238 22.627064 0
237 238 22.627064 0
238 238 -0.000218 -37.54
239 238 0.000128 0
267 238 0.000128 0
210 239 0.000128 0
238 239 0.000128 0
239 239 -0.000218 -37.54
240 239 64.000064 0
268 239 64.000064 0
211 240 64.000064 0
239 240 64.000064 0
240 240 -218.46 0
241 240 128 0
269 240 128 0
212 241 128 0
240 241 128 0
241 241 -218.46 0
242 241 128 0
270 241 128 0
213 242 128 0
241 242 128 0
242 242 -218.46 0
243 242 128 0
271 242 128 0
214 243 128 0
242 243 128 0
243 243 -218.46 0
244 243 128 0
272 243 128 0
215 244 128 0
243 244 128 0
244 244 -218.46 0
245 244 128 0
273 244 128 0
216 245 128 0
244 245 128 0
245 245 -218.46 0
246 245 128 0
274 245 128 0
217 246 128 0
245 246 128 0
246 246 -218.46 0
247 246 128 0
275 246 128 0
218 247 128 0
246 247 128 0
247 247 -218.46 0
248 247 128 0
276 247 128 0
219 248 128 0
247 248 128 0
248 248 -218.46 0
249 248 128 0
277 248 128 0
220 249 128 0
248 249 128 0
249 249 -218.46 0
250 249 128 0
278 249 128 0
221 250 128 0
249 250 128 0
250 250 -218.46 0
251 250 128 0
279 250 128 0
222 251 128 0
250 251 128 0
251 251 -218.46 0
252 251 128 0
280 251 128 0
223 252 64.000064 0
251 252 128 0
252 252 -218.46 0
253 252 64.000064 0
281 252 128 0
224 253 0.000128 0
252 253 64.000064 0
253 253 -0.000218 -37.54
254 253 0.000128 0
282 253 64.000064 0
225 254 22.627064 0
253 254 0.000128 0
254 254 -0.000218 -37.54
255 254 22.627064 0
283 254 0.000128 0
226 255 45.254 0
254 255 22.627064 0
255 255 -63.965 -26.544
256 255 45.254 0
284 255 22.627064 0
227 256 86.627 0
255 256 45.254 0
256 256 -63.965 -26.544
257 256 86.627 0
285 256 45.254 0
228 257 128 0
256 257 86.627 0
257 257 -218.46 0
258 257 128 0
286 257 128 0
229 258 128 0
257 258 128 0
258 258 -218.46 0
259 258 128 0
287 258 128 0
230 259 128 0
258 259 128 0
259 259 -218.46 0
260 259 128 0
288 259 128 0
231 260 128 0
259 260 128 0
260 260 -218.46 0
289 260 128 0
232 261 128 0
261 261 -218.46 0
262 261 128 0
290 261 128 0
233 262 128 0
261 262 128 0
262 262 -218.46 0
263 262 128 0
291 262 128 0
234 263 128 0
262 263 128 0
263 263 -218.46 0
264 263 128 0
292 263 128 0
235 264 128 0
263 264 128 0
264 264 -218.46 0
265 264 86.627 0
293 264 86.627 0
236 265 45.254 0
264 265 86.627 0
265 265 -63.965 -26.544
266 265 22.627064 0
294 265 45.254 0
237 266 22.627064 0
265 266 22.627064 0
266 266 -0.000218 -37.54
267 266 0.000128 0
295 266 0.000128 0
238 267 0.000128 0
266 267 0.000128 0
267 267 -0.000218 -37.54
268 267 64.000064 0
296 267 0.000128 0
239 268 64.000064 0
267 268 64.000064 0
268 268 -218.46 0
269 268 128 0
297 268 128 0
240 269 128 0
268 269 128 0
269 269 -218.46 0
270 269 128 0
298 269 128 0
241 270 128 0
269 270 128 0
270 270 -218.46 0
271 270 128 0
299 270 128 0
242 271 128 0
270 271 128 0
271 271 -218.46 0
272 271 128 0
300 271 128 0
243 272 128 0
271 272 128 0
272 272 -218.46 0
273 272 128 0
301 272 128 0
244 273 128 0
272 273 128 0
273 273 -218.46 0
274 273 128 0
302 273 128 0
245 274 128 0
273 274 128 0
274 274 -218.46 0
275 274 128 0
303 274 128 0
246 275 128 0
274 275 128 0
275 275 -218.46 0
276 275 128 0
304 275 128 0
247 276 128 0
275 276 128 0
276 276 -218.46 0
277 276 128 0
305 276 128 0
248 277 128 0
276 277 128 0
277 277 -218.46 0
278 277 128 0
306 277 128 0
249 278 128 0
277 278 128 0
278 278 -218.46 0
279 278 128 0
307 278 128 0
250 279 128 0
278 279 128 0
279 279 -218.46 0
280 279 128 0
308 279 128 0
251 280 128 0
279 280 128 0
280 280 -218.46 0
281 280 128 0
309 280 128 0
252 281 128 0
280 281 128 0
281 281 -218.46 0
282 281 128 0
310 281 128 0
253 282 64.000064 0
281 282 128 0
282 282 -218.46 0
283 282 64.000064 0
311 282 128 0
254 283 0.000128 0
282 283 64.000064 0
283 283 -0.000218 -37.54
284 283 0.000128 0
312 283 0.000128 0
255 284 22.627064 0
283 284 0.000128 0
284 284 -0.000218 -37.54
285 284 22.627064 0
313 284 0.000128 0
256 285 45.254 0
284 285 22.627064 0
285 285 -63.965 -26.544
286 285 86.627 0
314 285 45.254 0
257 286 128 0
285 286 86.627 0
286 286 -218.46 0
287 286 128 0
315 286 86.627 0
258 287 128 0
286 287 128 0
287 287 -218.46 0
288 287 128 0
316 287 128 0
259 288 128 0
287 288 128 0
288 288 -218.46 0
289 288 128 0
317 288 128 0
260 289 128 0
288 289 128 0
289 289 -218.46 0
318 289 128 0
261 290 128 0
290 290 -218.46 0
291 290 128 0
319 290 128 0
262 291 128 0
290 291 128 0
291 291 -218.46 0
292 291 128 0
320 291 128 0
263 292 128 0
291 292 128 0
292 292 -218.46 0
293 292 86.627 0
321 292 128 0
264 293 86.627 0
292 293 86.627 0
293 293 -63.965 -26.544
294 293 45.254 0
322 293 45.254 0
265 294 45.254 0
293 294 45.254 0
294 294 -63.965 -26.544
295 294 22.627064 0
323 294 45.254 0
266 295 0.000128 0
294 295 22.627064 0
295 295 -0.000218 -37.54
296 295 0.000128 0
324 295 0.000128 0
267 296 0.000128 0
295 296 0.000128 0
296 296 -0.000218 -37.54
297 296 64.000064 0
325 296 64.000064 0
268 297 128 0
296 297 64.000064 0
297 297 -218.46 0
298 297 128 0
326 297 128 0
269 298 128 0
297 298 128 0
298 298 -218.46 0
299 298 128 0
327 298 128 0
270 299 128 0
298 299 128 0
299 299 -218.46 0
300 299 128 0
328 299 128 0
271 300 128 0
299 300 128 0
300 300 -218.46 0
301 300 128 0
329 300 128 0
272 301 128 0
300 301 128 0
301 301 -218.46 0
302 301 128 0
330 301 128 0
273 302 128 0
301 302 128 0
302 302 -218.46 0
303 302 128 0
331 302 128 0
274 303 128 0
302 303 128 0
303 303 -218.46 0
304 303 128 0
332 303 128 0
275 304 128 0
303 304 128 0
304 304 -218.46 0
305 304 128 0
333 304 128 0
276 305 128 0
304 305 128 0
305 305 -218.46 0
306 305 128 0
334 305 128 0
277 306 128 0
305 306 128 0
306 306 -218.46 0
307 306 128 0
335 306 128 0
278 307 128 0
306 307 128 0
307 307 -218.46 0
308 307 128 0
336 307 128 0
279 308 128 0
307 308 128 0
308 308 -218.46 0
309 308 128 0
337 308 128 0
280 309 128 0
308 309 128 0
309 309 -218.46 0
310 309 128 0
338 309 128 0
281 310 128 0
309 310 128 0
310 310 -218.46 0
311 310 128 0
339 310 128 0
282 311 128 0
310 311 128 0
311 311 -218.46 0
312 311 64.000064 0
340 311 128 0
283 312 0.000128 0
311 312 64.000064 0
312 312 -0.000218 -37.54
313 312 0.000128 0
341 312 64.000064 0
284 313 0.000128 0
312 313 0.000128 0
313 313 -0.000218 -37.54
314 313 22.627064 0
342 313 0.000128 0
285 314 45.254 0
313 314 22.627064 0
314 314 -63.965 -26.544
315 314 45.254 0
343 314 45.254 0
286 315 86.627 0
314 315 45.254 0
315 315 -63.965 -26.544
316 315 86.627 0
344 315 45.254 0
287 316 128 0
315 316 86.627 0
316 316 -218.46 0
317 316 128 0
345 316 128 0
288 317 128 0
316 317 128 0
317 317 -218.46 0
318 317 128 0
346 317 128 0
289 318 128 0
317 318 128 0
318 318 -218.46 0
347 318 128 0
290 319 128 0
319 319 -218.46 0
320 319 128 0
348 319 128 0
291 320 128 0
319 320 128 0
320 320 -218.46 0
321 320 128 0
349 320 128 0
292 321 128 0
320 321 128 0
321 321 -218.46 0
322 321 86.627 0
350 321 128 0
293 322 45.254 0
321 322 86.627 0
322 322 -63.965 -26.544
323 322 45.254 0
351 322 45.254 0
294 323 45.254 0
322 323 45.254 0
323 323 -63.965 -26.544
324 323 22.627064 0
352 323 22.627064 0
295 324 0.000128 0
323 324 22.627064 0
324 324 -0.000218 -37.54
325 324 64.000064 0
353 324 0.000128 0
296 325 64.000064 0
324 325 64.000064 0
325 325 -218.46 0
326 325 128 0
354 325 128 0
297 326 128 0
325 326 128 0
326 326 -218.46 0
327 326 128 0
355 326 128 0
298 327 128 0
326 327 128 0
327 327 -218.46 0
328 327 128 0
356 327 128 0
299 328 128 0
327 328 128 0
328 328 -218.46 0
329 328 128 0
357 328 128 0
300 329 128 0
328 329 128 0
329 329 -218.46 0
330 329 128 0
358 329 128 0
301 330 128 0
329 330 128 0
330 330 -218.46 0
331 330 128 0
359 330 128 0
302 331 128 0
330 331 128 0
331 331 -218.46 0
332 331 128 0
360 331 128 0
303 332 128 0
331 332 128 0
332 332 -218.46 0
333 332 128 0
361 332 128 0
304 333 128 0
332 333 128 0
333 333 -218.46 0
334 333 128 0
362 333 128 0
305 334 128 0
333 334 128 0
334 334 -218.46 0
335 334 128 0
363 334 128 0
306 335 128 0
334 335 128 0
335 335 -218.46 0
336 335 128 0
364 335 128 0
307 336 128 0
335 336 128 0
336 336 -218.46 0
337 336 128 0
365 336 128 0
308 337 128 0
336 337 128 0
337 337 -218.46 0
338 337 128 0
366 337 128 0
309 338 128 0
337 338 128 0
338 338 -218.46 0
339 338 128 0
367 338 128 0
310 339 128 0
338 339 128 0
339 339 -218.46 0
340 339 128 0
368 339 128 0
311 340 128 0
339 340 128 0
340 340 -218.46 0
341 340 128 0
369 340 128 0
312 341 64.000064 0
340 341 128 0
341 341 -218.46 0
342 341 64.000064 0
370 341 128 0
313 342 0.000128 0
341 342 64.000064 0
342 342 -0.000218 -37.54
343 342 22.627064 0
371 342 0.000128 0
314 343 45.254 0
342 343 22.627064 0
343 343 -63.965 -26.544
344 343 45.254 0
372 343 22.627064 0
315 344 45.254 0
343 344 45.254 0
344 344 -63.965 -26.544
345 344 86.627 0
373 344 45.254 0
316 345 128 0
344 345 86.627 0
345 345 -218.46 0
346 345 128 0
374 345 128 0
317 346 128 0
345 346 128 0
346 346 -218.46 0
347 346 128 0
375 346 128 0
318 347 128 0
346 347 128 0
347 347 -218.46 0
376 347 128 0
319 348 128 0
348 348 -218.46 0
349 348 128 0
377 348 128 0
320 349 128 0
348 349 128 0
349 349 -218.46 0
350 349 128 0
378 349 128 0
321 350 128 0
349 350 128 0
350 350 -218.46 0
351 350 86.627 0
379 350 128 0
322 351 45.254 0
350 351 86.627 0
351 351 -63.965 -26.544
352 351 22.627064 0
380 351 45.254 0
323 352 22.627064 0
351 352 22.627064 0
352 352 -0.000218 -37.54
353 352 0.000128 0
381 352 0.000128 0
324 353 0.000128 0
352 353 0.000128 0
353 353 -0.000218 -37.54
354 353 64.000064 0
382 353 0.000128 0
325 354 128 0
353 354 64.000064 0
354 354 -218.46 0
355 354 128 0
383 354 128 0
326 355 128 0
354 355 128 0
355 355 -218.46 0
356 355 128 0
384 355 128 0
327 356 128 0
355 356 128 0
356 356 -218.46 0
357 356 128 0
385 356 128 0
328 357 128 0
356 357 128 0
357 357 -218.46 0
358 357 128 0
386 357 128 0
329 358 128 0
357 358 128 0
358 358 -218.46 0
359 358 128 0
387 358 128 0
330 359 128 0
358 359 128 0
359 359 -218.46 0
360 359 128 0
388 359 128 0
331 360 128 0
359 360 128 0
360 360 -218.46 0
361 360 128 0
389 360 128 0
332 361 128 0
360 361 128 0
361 361 -218.46 0
362 361 128 0
390 361 128 0
333 362 128 0
361 362 128 0
362 362 -218.46 0
363 362 128 0
391 362 128 0
334 363 128 0
362 363 128 0
363 363 -218.46 0
364 363 128 0
392 363 128 0
335 364 128 0
363 364 128 0
364 364 -218.46 0
365 364 128 0
393 364 128 0
336 365 128 0
364 365 128 0
365 365 -218.46 0
366 365 128 0
394 365 128 0
337 366 128 0
365 366 128 0
366 366 -218.46 0
367 366 128 0
395 366 128 0
338 367 128 0
366 367 128 0
367 367 -218.46 0
368 367 128 0
396 367 128 0
339 368 128 0
367 368 128 0
368 368 -218.46 0
369 368 128 0
397 368 128 0
340 369 128 0
368 369 128 0
369 369 -218.46 0
370 369 128 0
398 369 128 0
341 370 128 0
369 370 128 0
370 370 -218.46 0
371 370 64.000064 0
399 370 128 0
342 371 0.000128 0
370 371 64.000064 0
371 371 -0.000218 -37.54
372 371 0.000128 0
400 371 0.000128 0
343 372 22.627064 0
371 372 0.000128 0
372 372 -0.000218 -37.54
373 372 22.627064 0
401 372 0.000128 0
344 373 45.254 0
372 373 22.627064 0
373 373 -63.965 -26.544
374 373 86.627 0
402 373 45.254 0
345 374 128 0
373 374 86.627 0
374 374 -218.46 0
375 374 128 0
403 374 128 0
346 375 128 0
374 375 128 0
375 375 -218.46 0
376 375 128 0
404 375 128 0
347 376 128 0
375 376 128 0
376 376 -218.46 0
405 376 128 0
348 377 128 0
377 377 -218.46 0
378 377 128 0
406 377 128 0
349 378 128 0
377 378 128 0
378 378 -218.46 0
379 378 128 0
407 378 128 0
350 379 128 0
378 379 128 0
379 379 -218.46 0
380 379 86.627 0
408 379 86.627 0
351 380 45.254 0
379 380 86.627 0
380 380 -63.965 -26.544
381 380 22.627064 0
409 380 45.254 0
352 381 0.000128 0
380 381 22.627064 0
381 381 -0.000218 -37.54
382 381 0.000128 0
410 381 0.000128 0
353 382 0.000128 0
381 382 0.000128 0
382 382 -0.000218 -37.54
383 382 64.000064 0
411 382 0.000128 0
354 383 128 0
382 383 64.000064 0
383 383 -218.46 0
384 383 128 0
412 383 128 0
355 384 128 0
383 384 128 0
384 384 -218.46 0
385 384 128 0
413 384 128 0
356 385 128 0
384 385 128 0
385 385 -218.46 0
386 385 128 0
414 385 128 0
357 386 128 0
385 386 128 0
386 386 -218.46 0
387 386 128 0
415 386 128 0
358 387 128 0
386 387 128 0
387 387 -218.46 0
388 387 128 0
416 387 128 0
359 388 128 0
387 388 128 0
388 388 -218.46 0
389 388 128 0
417 388 128 0
360 389 128 0
388 389 128 0
389 389 -218.46 0
390 389 128 0
418 389 128 0
361 390 128 0
389 390 128 0
390 390 -218.46 0
391 390 128 0
419 390 128 0
362 391 128 0
390 391 128 0
391 391 -218.46 0
392 391 128 0
420 391 128 0
363 392 128 0
391 392 128 0
392 392 -218.46 0
393 392 128 0
421 392 128 0
364 393 128 0
392 393 128 0
393 393 -218.46 0
394 393 128 0
422 393 128 0
365 394 128 0
393 394 128 0
394 394 -218.46 0
395 394 128 0
423 394 128 0
366 395 128 0
394 395 128 0
395 395 -218.46 0
396 395 128 0
424 395 128 0
367 396 128 0
395 396 128 0
396 396 -218.46 0
397 396 128 0
425 396 128 0
368 397 128 0
396 397 128 0
397 397 -218.46 0
398 397 128 0
426 397 128 0
369 398 128 0
397 398 128 0
398 398 -218.46 0
399 398 128 0
427 398 128 0
370 399 128 0
398 399 128 0
399 399 -218.46 0
400 399 64.000064 0
428 399 128 0
371 400 0.000128 0
399 400 64.000064 0
400 400 -0.000218 -37.54
401 400 0.000128 0
429 400 0.000128 0
372 401 0.000128 0
400 401 0.000128 0
401 401 -0.000218 -37.54
402 401 22.627064 0
430 401 0.000128 0
373 402 45.254 0
401 402 22.627064 0
402 402 -63.965 -26.544
403 402 86.627 0
431 402 45.254 0
374 403 128 0
402 403 86.627 0
403 403 -218.46 0
404 403 128 0
432 403 86.627 0
375 404 128 0
403 404 128 0
404 404 -218.46 0
405 404 128 0
433 404 128 0
376 405 128 0
404 405 128 0
405 405 -218.46 0
434 405 128 0
377 406 128 0
406 406 -218.46 0
407 406 128 0
435 406 128 0
378 407 128 0
406 407 128 0
407 407 -218.46 0
408 407 86.627 0
436 407 128 0
379 408 86.627 0
407 408 86.627 0
408 408 -63.965 -26.544
409 408 45.254 0
437 408 86.627 0
380 409 45.254 0
408 409 45.254 0
409 409 -63.965 -26.544
410 409 22.627064 0
438 409 45.254 0
381 410 0.000128 0
409 410 22.627064 0
410 410 -0.000218 -37.54
411 410 0.000128 0
439 410 0.000128 0
382 411 0.000128 0
410 411 0.000128 0
411 411 -0.000218 -37.54
412 411 64.000064 0
440 411 0.000128 0
383 412 128 0
411 412 64.000064 0
412 412 -218.46 0
413 412 128 0
441 412 128 0
384 413 128 0
412 413 128 0
413 413 -218.46 0
414 413 128 0
442 413 128 0
385 414 128 0
413 414 128 0
414 414 -218.46 0
415 414 128 0
443 414 128 0
386 415 128 0
414 415 128 0
415 415 -218.46 0
416 415 128 0
444 415 128 0
387 416 128 0
415 416 128 0
416 416 -218.46 0
417 416 128 0
445 416 128 0
388 417 128 0
416 417 128 0
417 417 -218.46 0
418 417 128 0
446 417 128 0
389 418 128 0
417 418 128 0
418 418 -218.46 0
419 418 128 0
447 418 128 0
390 419 128 0
418 419 128 0
419 419 -218.46 0
420 419 128 0
448 419 128 0
391 420 128 0
419 420 128 0
420 420 -218.46 0
421 420 128 0
449 420 128 0
392 421 128 0
420 421 128 0
421 421 -218.46 0
422 421 128 0
450 421 128 0
393 422 128 0
421 422 128 0
422 422 -218.46 0
423 422 128 0
451 422 128 0
394 423 128 0
422 423 128 0
423 423 -218.46 0
424 423 128 0
452 423 128 0
395 424 128 0
423 424 128 0
424 424 -218.46 0
425 424 128 0
453 424 128 0
396 425 128 0
424 425 128 0
425 425 -218.46 0
426 425 128 0
454 425 128 0
397 426 128 0
425 426 128 0
426 426 -218.46 0
427 426 128 0
455 426 128 0
398 427 128 0
426 427 128 0
427 427 -218.46 0
428 427 128 0
456 427 128 0
399 428 128 0
427 428 128 0
428 428 -218.46 0
429 428 64.000064 0
457 428 128 0
400 429 0.000128 0
428 429 64.000064 0
429 429 -0.000218 -37.54
430 429 0.000128 0
458 429 0.000128 0
401 430 0.000128 0
429 430 0.000128 0
430 430 -0.000218 -37.54
431 430 22.627064 0
459 430 0.000128 0
402 431 45.254 0
430 431 22.627064 0
431 431 -63.965 -26.544
432 431 45.254 0
460 431 45.254 0
403 432 86.627 0
431 432 45.254 0
432 432 -63.965 -26.544
433 432 86.627 0
461 432 86.627 0
404 433 128 0
432 433 86.627 0
433 433 -218.46 0
434 433 128 0
462 433 128 0
405 434 128 0
433 434 128 0
434 434 -218.46 0
463 434 128 0
406 435 128 0
435 435 -218.46 0
436 435 128 0
464 435 128 0
407 436 128 0
435 436 128 0
436 436 -218.46 0
437 436 128 0
465 436 128 0
408 437 86.627 0
436 437 128 0
437 437 -218.46 0
438 437 86.627 0
466 437 128 0
409 438 45.254 0
437 438 86.627 0
438 438 -63.965 -26.544
439 438 22.627064 0
467 438 45.254 0
410 439 0.000128 0
438 439 22.627064 0
439 439 -0.000218 -37.54
440 439 0.000128 0
468 439 0.000128 0
411 440 0.000128 0
439 440 0.000128 0
440 440 -0.000218 -37.54
441 440 64.000064 0
469 440 0.000128 0
412 441 128 0
440 441 64.000064 0
441 441 -218.46 0
442 441 128 0
470 441 128 0
413 442 128 0
441 442 128 0
442 442 -218.46 0
443 442 128 0
471 442 128 0
414 443 128 0
442 443 128 0
443 443 -218.46 0
444 443 128 0
472 443 128 0
415 444 128 0
443 444 128 0
444 444 -218.46 0
445 444 128 0
473 444 128 0
416 445 128 0
444 445 128 0
445 445 -218.46 0
446 445 128 0
474 445 128 0
417 446 128 0
445 446 128 0
446 446 -218.46 0
447 446 128 0
475 446 128 0
418 447 128 0
446 447 128 0
447 447 -218.46 0
448 447 128 0
476 447 128 0
419 448 128 0
447 448 128 0
448 448 -218.46 0
449 448 128 0
477 448 128 0
420 449 128 0
448 449 128 0
449 449 -218.46 0
450 449 128 0
478 449 128 0
421 450 128 0
449 450 128 0
450 450 -218.46 0
451 450 128 0
479 450 128 0
422 451 128 0
450 451 128 0
451 451 -218.46 0
452 451 128 0
480 451 128 0
423 452 128 0
451 452 128 0
452 452 -218.46 0
453 452 128 0
481 452 128 0
424 453 128 0
452 453 128 0
453 453 -218.46 0
454 453 128 0
482 453 128 0
425 454 128 0
453 454 128 0
454 454 -218.46 0
455 454 128 0
483 454 128 0
426 455 128 0
454 455 128 0
455 455 -218.46 0
456 455 128 0
484 455 128 0
427 456 128 0
455 456 128 0
456 456 -218.46 0
457 456 128 0
485 456 128 0
428 457 128 0
456 457 128 0
457 457 -218.46 0
458 457 64.000064 0
486 457 128 0
429 458 0.000128 0
457 458 64.000064 0
458 458 -0.000218 -37.54
459 458 0.000128 0
487 458 0.000128 0
430 459 0.000128 0
458 459 0.000128 0
459 459 -0.000218 -37.54
460 459 22.627064 0
488 459 0.000128 0
431 460 45.254 0
459 460 22.627064 0
460 460 -63.965 -26.544
461 460 86.627 0
489 460 45.254 0
432 461 86.627 0
460 461 86.627 0
461 461 -218.46 0
462 461 128 0
490 461 128 0
433 462 128 0
461 462 128 0
462 462 -218.46 0
463 462 128 0
491 462 128 0
434 463 128 0
462 463 128 0
463 463 -218.46 0
492 463 128 0
435 464 128 0
464 464 -218.46 0
465 464 128 0
493 464 128 0
436 465 128 0
464 465 128 0
465 465 -218.46 0
466 465 128 0
494 465 128 0
437 466 128 0
465 466 128 0
466 466 -218.46 0
467 466 86.627 0
495 466 128 0
438 467 45.254 0
466 467 86.627 0
467 467 -63.965 -26.544
468 467 22.627064 0
496 467 45.254 0
439 468 0.000128 0
467 468 22.627064 0
468 468 -0.000218 -37.54
469 468 0.000128 0
497 468 22.627064 0
440 469 0.000128 0
468 469 0.000128 0
469 469 -0.000218 -37.54
470 469 64.000064 0
498 469 0.000128 0
441 470 128 0
469 470 64.000064 0
470 470 -218.46 0
471 470 128 0
499 470 128 0
442 471 128 0
470 471 128 0
471 471 -218.46 0
472 471 128 0
500 471 128 0
443 472 128 0
471 472 128 0
472 472 -218.46 0
473 472 128 0
501 472 128 0
444 473 128 0
472 473 128 0
473 473 -218.46 0
474 473 128 0
502 473 128 0
445 474 128 0
473 474 128 0
474 474 -218.46 0
475 474 128 0
503 474 128 0
446 475 128 0
474 475 128 0
475 475 -218.46 0
476 475 128 0
504 475 128 0
447 476 128 0
475 476 128 0
476 476 -218.46 0
477 476 128 0
505 476 128 0
448 477 128 0
476 477 128 0
477 477 -218.46 0
478 477 128 0
506 477 128 0
449 478 128 0
477 478 128 0
478 478 -218.46 0
479 478 128 0
507 478 128 0
450 479 128 0
478 479 128 0
479 479 -218.46 0
480 479 128 0
508 479 128 0
451 480 128 0
479 480 128 0
480 480 -218.46 0
481 480 128 0
509 480 128 0
452 481 128 0
480 481 128 0
481 481 -218.46 0
482 481 128 0
510 481 128 0
453 482 128 0
481 482 128 0
482 482 -218.46 0
483 482 128 0
511 482 128 0
454 483 128 0
482 483 128 0
483 483 -218.46 0
484 483 128 0
512 483 128 0
455 484 128 0
483 484 128 0
484 484 -218.46 0
485 484 128 0
513 484 128 0
456 485 128 0
484 485 128 0
485 485 -218.46 0
486 485 128 0
514 485 128 0
457 486 128 0
485 486 128 0
486 486 -218.46 0
487 486 64.000064 0
515 486 128 0
458 487 0.000128 0
486 487 64.000064 0
487 487 -0.000218 -37.54
488 487 0.000128 0
516 487 0.000128 0
459 488 0.000128 0
487 488 0.000128 0
488 488 -0.000218 -37.54
489 488 22.627064 0
517 488 22.627064 0
460 489 45.254 0
488 489 22.627064 0
489 489 -63.965 -26.544
490 489 86.627 0
518 489 45.254 0
461 490 128 0
489 490 86.627 0
490 490 -218.46 0
491 490 128 0
519 490 128 0
462 491 128 0
490 491 128 0
491 491 -218.46 0
492 491 128 0
520 491 128 0
463 492 128 0
491 492 128 0
492 492 -218.46 0
521 492 128 0
464 493 128 0
493 493 -218.46 0
494 493 128 0
522 493 128 0
465 494 128 0
493 494 128 0
494 494 -218.46 0
495 494 128 0
523 494 128 0
466 495 128 0
494 495 128 0
495 495 -218.46 0
496 495 86.627 0
524 495 128 0
467 496 45.254 0
495 496 86.627 0
496 496 -63.965 -26.544
497 496 45.254 0
525 496 45.254 0
468 497 22.627064 0
496 497 45.254 0
497 497 -63.965 -26.544
498 497 22.627064 0
526 497 45.254 0
469 498 0.000128 0
497 498 22.627064 0
498 498 -0.000218 -37.54
499 498 64.000064 0
527 498 0.000128 0
470 499 128 0
498 499 64.000064 0
499 499 -218.46 0
500 499 128 0
528 499 64.000064 0
471 500 128 0
499 500 128 0
500 500 -218.46 0
501 500 128 0
529 500 128 0
472 501 128 0
500 501 128 0
501 501 -218.46 0
502 501 128 0
530 501 128 0
473 502 128 0
501 502 128 0
502 502 -218.46 0
503 502 128 0
531 502 128 0
474 503 128 0
502 503 128 0
503 503 -218.46 0
504 503 128 0
532 503 128 0
475 504 128 0
503 504 128 0
504 504 -218.46 0
505 504 128 0
533 504 128 0
476 505 128 0
504 505 128 0
505 505 -218.46 0
506 505 128 0
534 505 128 0
477 506 128 0
505 506 128 0
506 506 -218.46 0
507 506 128 0
535 506 128 0
478 507 128 0
506 507 128 0
507 507 -218.46 0
508 507 128 0
536 507 128 0
479 508 128 0
507 508 128 0
508 508 -218.46 0
509 508 128 0
537 508 128 0
480 509 128 0
508 509 128 0
509 509 -218.46 0
510 509 128 0
538 509 128 0
481 510 128 0
509 510 128 0
510 510 -218.46 0
511 510 128 0
539 510 128 0
482 511 128 0
510 511 128 0
511 511 -218.46 0
512 511 128 0
540 511 128 0
483 512 128 0
511 512 128 0
512 512 -218.46 0
513 512 128 0
541 512 128 0
484 513 128 0
512 513 128 0
513 513 -218.46 0
514 513 128 0
542 513 128 0
485 514 128 0
513 514 128 0
514 514 -218.46 0
515 514 128 0
543 514 128 0
486 515 128 0
514 515 128 0
515 515 -218.46 0
516 515 64.000064 0
544 515 64.000064 0
487 516 0.000128 0
515 516 64.000064 0
516 516 -0.000218 -37.54
517 516 22.627064 0
545 516 0.000128 0
488 517 22.627064 0
516 517 22.627064 0
517 517 -63.965 -26.544
518 517 45.254 0
546 517 45.254 0
489 518 45.254 0
517 518 45.254 0
518 518 -63.965 -26.544
519 518 86.627 0
547 518 45.254 0
490 519 128 0
518 519 86.627 0
519 519 -218.46 0
520 519 128 0
548 519 128 0
491 520 128 0
519 520 128 0
520 520 -218.46 0
521 520 128 0
549 520 128 0
492 521 128 0
520 521 128 0
521 521 -218.46 0
550 521 128 0
493 522 128 0
522 522 -218.46 0
523 522 128 0
551 522 128 0
494 523 128 0
522 523 128 0
523 523 -218.46 0
524 523 128 0
552 523 128 0
495 524 128 0
523 524 128 0
524 524 -218.46 0
525 524 86.627 0
553 524 128 0
496 525 45.254 0
524 525 86.627 0
525 525 -63.965 -26.544
526 525 45.254 0
554 525 86.627 0
497 526 45.254 0
525 526 45.254 0
526 526 -63.965 -26.544
527 526 22.627064 0
555 526 45.254 0
498 527 0.000128 0
526 527 22.627064 0
527 527 -0.000218 -37.54
528 527 0.000128 0
556 527 0.000128 0
499 528 64.000064 0
527 528 0.000128 0
528 528 -0.000218 -37.54
529 528 64.000064 0
557 528 0.000128 0
500 529 128 0
528 529 64.000064 0
529 529 -218.46 0
530 529 128 0
558 529 128 0
501 530 128 0
529 530 128 0
530 530 -218.46 0
531 530 128 0
559 530 128 0
502 531 128 0
530 531 128 0
531 531 -218.46 0
532 531 128 0
560 531 128 0
503 532 128 0
531 532 128 0
532 532 -218.46 0
533 532 128 0
561 532 128 0
504 533 128 0
532 533 128 0
533 533 -218.46 0
534 533 128 0
562 533 128 0
505 534 128 0
533 534 128 0
534 534 -218.46 0
535 534 128 0
563 534 128 0
506 535 128 0
534 535 128 0
535 535 -218.46 0
536 535 128 0
564 535 128 0
507 536 128 0
535 536 128 0
536 536 -218.46 0
537 536 128 0
565 536 128 0
508 537 128 0
536 537 128 0
537 537 -218.46 0
538 537 128 0
566 537 128 0
509 538 128 0
537 538 128 0
538 538 -218.46 0
539 538 128 0
567 538 128 0
510 539 128 0
538 539 128 0
539 539 -218.46 0
540 539 128 0
568 539 128 0
511 540 128 0
539 540 128 0
540 540 -218.46 0
541 540 128 0
569 540 128 0
512 541 128 0
540 541 128 0
541 541 -218.46 0
542 541 128 0
570 541 128 0
513 542 128 0
541 542 128 0
542 542 -218.46 0
543 542 128 0
571 542 128 0
514 543 128 0
542 543 128 0
543 543 -218.46 0
544 543 64.000064 0
572 543 128 0
515 544 64.000064 0
543 544 64.000064 0
544 544 -0.000218 -37.54
545 544 0.000128 0
573 544 0.000128 0
516 545 0.000128 0
544 545 0.000128 0
545 545 -0.000218 -37.54
546 545 22.627064 0
574 545 0.000128 0
517 546 45.254 0
545 546 22.627064 0
546 546 -63.965 -26.544
547 546 45.254 0
575 546 45.254 0
518 547 45.254 0
546 547 45.254 0
547 547 -63.965 -26.544
548 547 86.627 0
576 547 86.627 0
519 548 128 0
547 548 86.627 0
548 548 -218.46 0
549 548 128 0
577 548 128 0
520 549 128 0
548 549 128 0
549 549 -218.46 0
550 549 128 0
578 549 128 0
521 550 128 0
549 550 128 0
550 550 -218.46 0
579 550 128 0
522 551 128 0
551 551 -218.46 0
552 551 128 0
580 551 128 0
523 552 128 0
551 552 128 0
552 552 -218.46 0
553 552 128 0
581 552 128 0
524 553 128 0
552 553 128 0
553 553 -218.46 0
554 553 128 0
582 553 128 0
525 554 86.627 0
553 554 128 0
554 554 -218.46 0
555 554 86.627 0
583 554 128 0
526 555 45.254 0
554 555 86.627 0
555 555 -63.965 -26.544
556 555 22.627064 0
584 555 45.254 0
527 556 0.000128 0
555 556 22.627064 0
556 556 -0.000218 -37.54
557 556 0.000128 0
585 556 22.627064 0
528 557 0.000128 0
556 557 0.000128 0
557 557 -0.000218 -37.54
558 557 64.000064 0
586 557 0.000128 0
529 558 128 0
557 558 64.000064 0
558 558 -218.46 0
559 558 128 0
587 558 64.000064 0
530 559 128 0
558 559 128 0
559 559 -218.46 0
560 559 128 0
588 559 128 0
531 560 128 0
559 560 128 0
560 560 -218.46 0
561 560 128 0
589 560 128 0
532 561 128 0
560 561 128 0
561 561 -218.46 0
562 561 128 0
590 561 128 0
533 562 128 0
561 562 128 0
562 562 -218.46 0
563 562 128 0
591 562 128 0
534 563 128 0
562 563 128 0
563 563 -218.46 0
564 563 128 0
592 563 128 0
535 564 128 0
563 564 128 0
564 564 -218.46 0
565 564 128 0
593 564 128 0
536 565 128 0
564 565 128 0
565 565 -218.46 0
566 565 128 0
594 565 128 0
537 566 128 0
565 566 128 0
566 566 -218.46 0
567 566 128 0
595 566 128 0
538 567 128 0
566 567 128 0
567 567 -218.46 0
568 567 128 0
596 567 128 0
539 568 128 0
567 568 128 0
568 568 -218.46 0
569 568 128 0
597 568 128 0
540 569 128 0
568 569 128 0
569 569 -218.46 0
570 569 128 0
598 569 128 0
541 570 128 0
569 570 128 0
570 570 -218.46 0
571 570 128 0
599 570 128 0
542 571 128 0
570 571 128 0
571 571 -218.46 0
572 571 128 0
600 571 128 0
543 572 128 0
571 572 128 0
572 572 -218.46 0
573 572 64.000064 0
601 572 64.000064 0
544 573 0.000128 0
572 573 64.000064 0
573 573 -0.000218 -37.54
574 573 0.000128 0
602 573 0.000128 0
545 574 0.000128 0
573 574 0.000128 0
574 574 -0.000218 -37.54
575 574 22.627064 0
603 574 22.627064 0
546 575 45.254 0
574 575 22.627064 0
575 575 -63.965 -26.544
576 575 86.627 0
604 575 45.254 0
547 576 86.627 0
575 576 86.627 0
576 576 -218.46 0
577 576 128 0
605 576 128 0
548 577 128 0
576 577 128 0
577 577 -218.46 0
578 577 128 0
606 577 128 0
549 578 128 0
577 578 128 0
578 578 -218.46 0
579 578 128 0
607 578 128 0
550 579 128 0
578 579 128 0
579 579 -218.46 0
608 579 128 0
551 580 128 0
580 580 -218.46 0
581 580 128 0
609 580 128 0
552 581 128 0
580 581 128 0
581 581 -218.46 0
582 581 128 0
610 581 128 0
553 582 128 0
581 582 128 0
582 582 -218.46 0
583 582 128 0
611 582 128 0
554 583 128 0
582 583 128 0
583 583 -218.46 0
584 583 86.627 0
612 583 128 0
555 584 45.254 0
583 584 86.627 0
584 584 -63.965 -26.544
585 584 45.254 0
613 584 86.627 0
556 585 22.627064 0
584 585 45.254 0
585 585 -63.965 -26.544
586 585 22.627064 0
614 585 45.254 0
557 586 0.000128 0
585 586 22.627064 0
586 586 -0.000218 -37.54
587 586 0.000128 0
615 586 22.627064 0
558 587 64.000064 0
586 587 0.000128 0
587 587 -0.000218 -37.54
588 587 64.000064 0
616 587 0.000128 0
559 588 128 0
587 588 64.000064 0
588 588 -218.46 0
589 588 128 0
617 588 64.000064 0
560 589 128 0
588 589 128 0
589 589 -218.46 0
590 589 128 0
618 589 128 0
561 590 128 0
589 590 128 0
590 590 -218.46 0
591 590 128 0
619 590 128 0
562 591 128 0
590 591 128 0
591 591 -218.46 0
592 591 128 0
620 591 128 0
563 592 128 0
591 592 128 0
592 592 -218.46 0
593 592 128 0
621 592 128 0
564 593 128 0
592 593 128 0
593 593 -218.46 0
594 593 128 0
622 593 128 0
565 594 128 0
593 594 128 0
594 594 -218.46 0
595 594 128 0
623 594 128 0
566 595 128 0
594 595 128 0
595 595 -218.46 0
596 595 128 0
624 595 128 0
567 596 128 0
595 596 128 0
596 596 -218.46 0
597 596 128 0
625 596 128 0
568 597 128 0
596 597 128 0
597 597 -218.46 0
598 597 128 0
626 597 128 0
569 598 128 0
597 598 128 0
598 598 -218.46 0
599 598 128 0
627 598 128 0
570 599 128 0
598 599 128 0
599 599 -218.46 0
600 599 128 0
628 599 128 0
571 600 128 0
599 600 128 0
600 600 -218.46 0
601 600 64.000064 0
629 600 64.000064 0
572 601 64.000064 0
600 601 64.000064 0
601 601 -0.000218 -37.54
602 601 0.000128 0
630 601 0.000128 0
573 602 0.000128 0
601 602 0.000128 0
602 602 -0.000218 -37.54
603 602 22.627064 0
631 602 22.627064 0
574 603 22.627064 0
602 603 22.627064 0
603 603 -63.965 -26.544
604 603 45.254 0
632 603 45.254 0
575 604 45.254 0
603 604 45.254 0
604 604 -63.965 -26.544
605 604 86.627 0
633 604 86.627 0
576 605 128 0
604 605 86.627 0
605 605 -218.46 0
606 605 128 0
634 605 128 0
577 606 128 0
605 606 128 0
606 606 -218.46 0
607 606 128 0
635 606 128 0
578 607 128 0
606 607 128 0
607 607 -218.46 0
608 607 128 0
636 607 128 0
579 608 128 0
607 608 128 0
608 608 -218.46 0
637 608 128 0
580 609 128 0
609 609 -218.46 0
610 609 128 0
638 609 128 0
581 610 128 0
609 610 128 0
610 610 -218.46 0
611 610 128 0
639 610 128 0
582 611 128 0
610 611 128 0
611 611 -218.46 0
612 611 128 0
640 611 128 0
583 612 128 0
611 612 128 0
612 612 -218.46 0
613 612 128 0
641 612 128 0
584 613 86.627 0
612 613 128 0
613 613 -218.46 0
614 613 86.627 0
642 613 128 0
585 614 45.254 0
613 614 86.627 0
614 614 -63.965 -26.544
615 614 45.254 0
643 614 86.627 0
586 615 22.627064 0
614 615 45.254 0
615 615 -63.965 -26.544
616 615 22.627064 0
644 615 45.254 0
587 616 0.000128 0
615 616 22.627064 0
616 616 -0.000218 -37.54
617 616 0.000128 0
645 616 22.627064 0
588 617 64.000064 0
616 617 0.000128 0
617 617 -0.000218 -37.54
618 617 64.000064 0
646 617 0.000128 0
589 618 128 0
617 618 64.000064 0
618 618 -218.46 0
619 618 128 0
647 618 64.000064 0
590 619 128 0
618 619 128 0
619 619 -218.46 0
620 619 128 0
648 619 64.000064 0
591 620 128 0
619 620 128 0
620 620 -218.46 0
621 620 128 0
649 620 128 0
592 621 128 0
620 621 128 0
621 621 -218.46 0
622 621 128 0
650 621 128 0
593 622 128 0
621 622 128 0
622 622 -218.46 0
623 622 128 0
651 622 128 0
594 623 128 0
622 623 128 0
623 623 -218.46 0
624 623 128 0
652 623 128 0
595 624 128 0
623 624 128 0
624 624 -218.46 0
625 624 128 0
653 624 128 0
596 625 128 0
624 625 128 0
625 625 -218.46 0
626 625 128 0
654 625 128 0
597 626 128 0
625 626 128 0
626 626 -218.46 0
627 626 128 0
655 626 128 0
598 627 128 0
626 627 128 0
627 627 -218.46 0
628 627 128 0
656 627 64.000064 0
599 628 128 0
627 628 128 0
628 628 -218.46 0
629 628 64.000064 0
657 628 64.000064 0
600 629 64.000064 0
628 629 64.000064 0
629 629 -0.000218 -37.54
630 629 0.000128 0
658 629 0.000128 0
601 630 0.000128 0
629 630 0.000128 0
630 630 -0.000218 -37.54
631 630 22.627064 0
659 630 22.627064 0
602 631 22.627064 0
630 631 22.627064 0
631 631 -63.965 -26.544
632 631 45.254 0
660 631 45.254 0
603 632 45.254 0
631 632 45.254 0
632 632 -63.965 -26.544
633 632 86.627 0
661 632 86.627 0
604 633 86.627 0
632 633 86.627 0
633 633 -218.46 0
634 633 128 0
662 633 128 0
605 634 128 0
633 634 128 0
634 634 -218.46 0
635 634 128 0
663 634 128 0
606 635 128 0
634 635 128 0
635 635 -218.46 0
636 635 128 0
664 635 128 0
607 636 128 0
635 636 128 0
636 636 -218.46 0
637 636 128 0
665 636 128 0
608 637 128 0
636 637 128 0
637 637 -218.46 0
666 637 128 0
609 638 128 0
638 638 -218.46 0
639 638 128 0
667 638 128 0
610 639 128 0
638 639 128 0
639 639 -218.46 0
640 639 128 0
668 639 128 0
611 640 128 0
639 640 128 0
640 640 -218.46 0
641 640 128 0
669 640 128 0
612 641 128 0
640 641 128 0
641 641 -218.46 0
642 641 128 0
670 641 128 0
613 642 128 0
641 642 128 0
642 642 -218.46 0
643 642 128 0
671 642 128 0
614 643 86.627 0
642 643 128 0
643 643 -218.46 0
644 643 86.627 0
672 643 128 0
615 644 45.254 0
643 644 86.627 0
644 644 -63.965 -26.544
645 644 45.254 0
673 644 86.627 0
616 645 22.627064 0
644 645 45.254 0
645 645 -63.965 -26.544
646 645 22.627064 0
674 645 45.254 0
617 646 0.000128 0
645 646 22.627064 0
646 646 -0.000218 -37.54
647 646 0.000128 0
675 646 22.627064 0
618 647 64.000064 0
646 647 0.000128 0
647 647 -0.000218 -37.54
648 647 0.000128 0
676 647 0.000128 0
619 648 64.000064 0
647 648 0.000128 0
648 648 -0.000218 -37.54
649 648 64.000064 0
677 648 0.000128 0
620 649 128 0
648 649 64.000064 0
649 649 -218.46 0
650 649 128 0
678 649 64.000064 0
621 650 128 0
649 650 128 0
650 650 -218.46 0
651 650 128 0
679 650 64.000064 0
622 651 128 0
650 651 128 0
651 651 -218.46 0
652 651 128 0
680 651 64.000064 0
623 652 128 0
651 652 128 0
652 652 -218.46 0
653 652 128 0
681 652 64.000064 0
624 653 128 0
652 653 128 0
653 653 -218.46 0
654 653 128 0
682 653 64.000064 0
625 654 128 0
653 654 128 0
654 654 -218.46 0
655 654 128 0
683 654 64.000064 0
626 655 128 0
654 655 128 0
655 655 -218.46 0
656 655 64.000064 0
684 655 64.000064 0
627 656 64.000064 0
655 656 64.000064 0
656 656 -0.000218 -37.54
657 656 0.000128 0
685 656 0.000128 0
628 657 64.000064 0
656 657 0.000128 0
657 657 -0.000218 -37.54
658 657 0.000128 0
686 657 0.000128 0
629 658 0.000128 0
657 658 0.000128 0
658 658 -0.000218 -37.54
659 658 22.627064 0
687 658 22.627064 0
630 659 22.627064 0
658 659 22.627064 0
659 659 -63.965 -26.544
660 659 45.254 0
688 659 45.254 0
631 660 45.254 0
659 660 45.254 0
660 660 -63.965 -26.544
661 660 86.627 0
689 660 86.627 0
632 661 86.627 0
660 661 86.627 0
661 661 -218.46 0
662 661 128 0
690 661 128 0
633 662 128 0
661 662 128 0
662 662 -218.46 0
663 662 128 0
691 662 128 0
634 663 128 0
662 663 128 0
663 663 -218.46 0
664 663 128 0
692 663 128 0
635 664 128 0
663 664 128 0
664 664 -218.46 0
665 664 128 0
693 664 128 0
636 665 128 0
664 665 128 0
665 665 -218.46 0
666 665 128 0
694 665 128 0
637 666 128 0
665 666 128 0
666 666 -218.46 0
695 666 128 0
638 667 128 0
667 667 -218.46 0
668 667 128 0
696 667 128 0
639 668 128 0
667 668 128 0
668 668 -218.46 0
669 668 128 0
697 668 128 0
640 669 128 0
668 669 128 0
669 669 -218.46 0
670 669 128 0
698 669 128 0
641 670 128 0
669 670 128 0
670 670 -218.46 0
671 670 128 0
699 670 128 0
642 671 128 0
670 671 128 0
671 671 -218.46 0
672 671 128 0
700 671 128 0
643 672 128 0
671 672 128 0
672 672 -218.46 0
673 672 128 0
701 672 128 0
644 673 86.627 0
672 673 128 0
673 673 -218.46 0
674 673 86.627 0
702 673 128 0
645 674 45.254 0
673 674 86.627 0
674 674 -63.965 -26.544
675 674 45.254 0
703 674 86.627 0
646 675 22.627064 0
674 675 45.254 0
675 675 -63.965 -26.544
676 675 22.627064 0
704 675 45.254 0
647 676 0.000128 0
675 676 22.627064 0
676 676 -0.000218 -37.54
677 676 0.000128 0
705 676 22.627064 0
648 677 0.000128 0
676 677 0.000128 0
677 677 -0.000218 -37.54
678 677 0.000128 0
706 677 22.627064 0
649 678 64.000064 0
677 678 0.000128 0
678 678 -0.000218 -37.54
679 678 0.000128 0
707 678 22.627064 0
650 679 64.000064 0
678 679 0.000128 0
679 679 -0.000218 -37.54
680 679 0.000128 0
708 679 0.000128 0
651 680 64.000064 0
679 680 0.000128 0
680 680 -0.000218 -37.54
681 680 0.000128 0
709 680 0.000128 0
652 681 64.000064 0
680 681 0.000128 0
681 681 -0.000218 -37.54
682 681 0.000128 0
710 681 0.000128 0
653 682 64.000064 0
681 682 0.000128 0
682 682 -0.000218 -37.54
683 682 0.000128 0
711 682 0.000128 0
654 683 64.000064 0
682 683 0.000128 0
683 683 -0.000218 -37.54
684 683 0.000128 0
712 683 0.000128 0
655 684 64.000064 0
683 684 0.000128 0
684 684 -0.000218 -37.54
685 684 0.000128 0
713 684 22.627064 0
656 685 0.000128 0
684 685 0.000128 0
685 685 -0.000218 -37.54
686 685 0.000128 0
714 685 22.627064 0
657 686 0.000128 0
685 686 0.000128 0
686 686 -0.000218 -37.54
687 686 22.627064 0
715 686 22.627064 0
658 687 22.627064 0
686 687 22.627064 0
687 687 -63.965 -26.544
688 687 45.254 0
716 687 45.254 0
659 688 45.254 0
687 688 45.254 0
688 688 -63.965 -26.544
689 688 86.627 0
717 688 86.627 0
660 689 86.627 0
688 689 86.627 0
689 689 -218.46 0
690 689 128 0
718 689 128 0
661 690 128 0
689 690 128 0
690 690 -218.46 0
691 690 128 0
719 690 128 0
662 691 128 0
690 691 128 0
691 691 -218.46 0
692 691 128 0
720 691 128 0
663 692 128 0
691 692 128 0
692 692 -218.46 0
693 692 128 0
721 692 128 0
664 693 128 0
692 693 128 0
693 693 -218.46 0
694 693 128 0
722 693 128 0
665 694 128 0
693 694 128 0
694 694 -218.46 0
695 694 128 0
723 694 128 0
666 695 128 0
694 695 128 0
695 695 -218.46 0
724 695 128 0
667 696 128 0
696 696 -218.46 0
697 696 128 0
725 696 128 0
668 697 128 0
696 697 128 0
697 697 -218.46 0
698 697 128 0
726 697 128 0
669 698 128 0
697 698 128 0
698 698 -218.46 0
699 698 128 0
727 698 128 0
670 699 128 0
698 699 128 0
699 699 -218.46 0
700 699 128 0
728 699 128 0
671 700 128 0
699 700 128 0
700 700 -218.46 0
701 700 128 0
729 700 128 0
672 701 128 0
700 701 128 0
701 701 -218.46 0
702 701 128 0
730 701 128 0
673 702 128 0
701 702 128 0
702 702 -218.46 0
703 702 128 0
731 702 128 0
674 703 86.627 0
702 703 128 0
703 703 -218.46 0
704 703 86.627 0
732 703 128 0
675 704 45.254 0
703 704 86.627 0
704 704 -63.965 -26.544
705 704 45.254 0
733 704 86.627 0
676 705 22.627064 0
704 705 45.254 0
705 705 -63.965 -26.544
706 705 45.254 0
734 705 86.627 0
677 706 22.627064 0
705 706 45.254 0
706 706 -63.965 -26.544
707 706 45.254 0
735 706 45.254 0
678 707 22.627064 0
706 707 45.254 0
707 707 -63.965 -26.544
708 707 22.627064 0
736 707 45.254 0
679 708 0.000128 0
707 708 22.627064 0
708 708 -0.000218 -37.54
709 708 0.000128 0
737 708 22.627064 0
680 709 0.000128 0
708 709 0.000128 0
709 709 -0.000218 -37.54
710 709 0.000128 0
738 709 22.627064 0
681 710 0.000128 0
709 710 0.000128 0
710 710 -0.000218 -37.54
711 710 0.000128 0
739 710 22.627064 0
682 711 0.000128 0
710 711 0.000128 0
711 711 -0.000218 -37.54
712 711 0.000128 0
740 711 22.627064 0
683 712 0.000128 0
711 712 0.000128 0
712 712 -0.000218 -37.54
713 712 22.627064 0
741 712 22.627064 0
684 713 22.627064 0
712 713 22.627064 0
713 713 -63.965 -26.544
714 713 45.254 0
742 713 45.254 0
685 714 22.627064 0
713 714 45.254 0
714 714 -63.965 -26.544
715 714 45.254 0
743 714 45.254 0
686 715 22.627064 0
714 715 45.254 0
715 715 -63.965 -26.544
716 715 45.254 0
744 715 86.627 0
687 716 45.254 0
715 716 45.254 0
716 716 -63.965 -26.544
717 716 86.627 0
745 716 86.627 0
688 717 86.627 0
716 717 86.627 0
717 717 -218.46 0
718 717 128 0
746 717 128 0
689 718 128 0
717 718 128 0
718 718 -218.46 0
719 718 128 0
747 718 128 0
690 719 128 0
718 719 128 0
719 719 -218.46 0
720 719 128 0
748 719 128 0
691 720 128 0
719 720 128 0
720 720 -218.46 0
721 720 128 0
749 720 128 0
692 721 128 0
720 721 128 0
721 721 -218.46 0
722 721 128 0
750 721 128 0
693 722 128 0
721 722 128 0
722 722 -218.46 0
723 722 128 0
751 722 128 0
694 723 128 0
722 723 128 0
723 723 -218.46 0
724 723 128 0
752 723 128 0
695 724 128 0
723 724 128 0
724 724 -218.46 0
753 724 128 0
696 725 128 0
725 725 -218.46 0
726 725 128 0
754 725 128 0
697 726 128 0
725 726 128 0
726 726 -218.46 0
727 726 128 0
755 726 128 0
698 727 128 0
726 727 128 0
727 727 -218.46 0
728 727 128 0
756 727 128 0
699 728 128 0
727 728 128 0
728 728 -218.46 0
729 728 128 0
757 728 128 0
700 729 128 0
728 729 128 0
729 729 -218.46 0
730 729 128 0
758 729 128 0
701 730 128 0
729 730 128 0
730 730 -218.46 0
731 730 128 0
759 730 128 0
702 731 128 0
730 731 128 0
731 731 -218.46 0
732 731 128 0
760 731 128 0
703 732 128 0
731 732 128 0
732 732 -218.46 0
733 732 128 0
761 732 128 0
704 733 86.627 0
732 733 128 0
733 733 -218.46 0
734 733 128 0
762 733 128 0
705 734 86.627 0
733 734 128 0
734 734 -218.46 0
735 734 86.627 0
763 734 128 0
706 735 45.254 0
734 735 86.627 0
735 735 -63.965 -26.544
736 735 45.254 0
764 735 86.627 0
707 736 45.254 0
735 736 45.254 0
736 736 -63.965 -26.544
737 736 45.254 0
765 736 86.627 0
708 737 22.627064 0
736 737 45.254 0
737 737 -63.965 -26.544
738 737 45.254 0
766 737 86.627 0
709 738 22.627064 0
737 738 45.254 0
738 738 -63.965 -26.544
739 738 45.254 0
767 738 86.627 0
710 739 22.627064 0
738 739 45.254 0
739 739 -63.965 -26.544
740 739 45.254 0
768 739 45.254 0
711 740 22.627064 0
739 740 45.254 0
740 740 -63.965 -26.544
741 740 45.254 0
769 740 86.627 0
712 741 22.627064 0
740 741 45.254 0
741 741 -63.965 -26.544
742 741 45.254 0
770 741 86.627 0
713 742 45.254 0
741 742 45.254 0
742 742 -63.965 -26.544
743 742 45.254 0
771 742 86.627 0
714 743 45.254 0
742 743 45.254 0
743 743 -63.965 -26.544
744 743 86.627 0
772 743 86.627 0
715 744 86.627 0
743 744 86.627 0
744 744 -218.46 0
745 744 128 0
773 744 128 0
716 745 86.627 0
744 745 128 0
745 745 -218.46 0
746 745 128 0
774 745 128 0
717 746 128 0
745 746 128 0
746 746 -218.46 0
747 746 128 0
775 746 128 0
718 747 128 0
746 747 128 0
747 747 -218.46 0
748 747 128 0
776 747 128 0
719 748 128 0
747 748 128 0
748 748 -218.46 0
749 748 128 0
777 748 128 0
720 749 128 0
748 749 128 0
749 749 -218.46 0
750 749 128 0
778 749 128 0
721 750 128 0
749 750 128 0
750 750 -218.46 0
751 750 128 0
779 750 128 0
722 751 128 0
750 751 128 0
751 751 -218.46 0
752 751 128 0
780 751 128 0
723 752 128 0
751 752 128 0
752 752 -218.46 0
753 752 128 0
781 752 128 0
724 753 128 0
752 753 128 0
753 753 -218.46 0
782 753 128 0
725 754 128 0
754 754 -218.46 0
755 754 128 0
783 754 128 0
726 755 128 0
754 755 128 0
755 755 -218.46 0
756 755 128 0
784 755 128 0
727 756 128 0
755 756 128 0
756 756 -218.46 0
757 756 128 0
785 756 128 0
728 757 128 0
756 757 128 0
757 757 -218.46 0
758 757 128 0
786 757 128 0
729 758 128 0
757 758 128 0
758 758 -218.46 0
759 758 128 0
787 758 128 0
730 759 128 0
758 759 128 0
759 759 -218.46 0
760 759 128 0
788 759 128 0
731 760 128 0
759 760 128 0
760 760 -218.46 0
761 760 128 0
789 760 128 0
732 761 128 0
760 761 128 0
761 761 -218.46 0
762 761 128 0
790 761 128 0
733 762 128 0
761 762 128 0
762 762 -218.46 0
763 762 128 0
791 762 128 0
734 763 128 0
762 763 128 0
763 763 -218.46 0
764 763 128 0
792 763 128 0
735 764 86.627 0
763 764 128 0
764 764 -218.46 0
765 764 128 0
793 764 128 0
736 765 86.627 0
764 765 128 0
765 765 -218.46 0
766 765 128 0
794 765 128 0
737 766 86.627 0
765 766 128 0
766 766 -218.46 0
767 766 128 0
795 766 128 0
738 767 86.627 0
766 767 128 0
767 767 -218.46 0
768 767 86.627 0
796 767 128 0
739 768 45.254 0
767 768 86.627 0
768 768 -63.965 -26.544
769 768 86.627 0
797 768 86.627 0
740 769 86.627 0
768 769 86.627 0
769 769 -218.46 0
770 769 128 0
798 769 128 0
741 770 86.627 0
769 770 128 0
770 770 -218.46 0
771 770 128 0
799 770 128 0
742 771 86.627 0
770 771 128 0
771 771 -218.46 0
772 771 128 0
800 771 128 0
743 772 86.627 0
771 772 128 0
772 772 -218.46 0
773 772 128 0
801 772 128 0
744 773 128 0
772 773 128 0
773 773 -218.46 0
774 773 128 0
802 773 128 0
745 774 128 0
773 774 128 0
774 774 -218.46 0
775 774 128 0
803 774 128 0
746 775 128 0
774 775 128 0
775 775 -218.46 0
776 775 128 0
804 775 128 0
747 776 128 0
775 776 128 0
776 776 -218.46 0
777 776 128 0
805 776 128 0
748 777 128 0
776 777 128 0
777 777 -218.46 0
778 777 128 0
806 777 128 0
749 778 128 0
777 778 128 0
778 778 -218.46 0
779 778 128 0
807 778 128 0
750 779 128 0
778 779 128 0
779 779 -218.46 0
780 779 128 0
808 779 128 0
751 780 128 0
779 780 128 0
780 780 -218.46 0
781 780 128 0
809 780 128 0
752 781 128 0
780 781 128 0
781 781 -218.46 0
782 781 128 0
810 781 128 0
753 782 128 0
781 782 128 0
782 782 -218.46 0
811 782 128 0
754 783 128 0
783 783 -218.46 0
784 783 128 0
812 783 128 0
755 784 128 0
783 784 128 0
784 784 -218.46 0
785 784 128 0
813 784 128 0
756 785 128 0
784 785 128 0
785 785 -218.46 0
786 785 128 0
814 785 128 0
757 786 128 0
785 786 128 0
786 786 -218.46 0
787 786 128 0
815 786 128 0
758 787 128 0
786 787 128 0
787 787 -218.46 0
788 787 128 0
816 787 128 0
759 788 128 0
787 788 128 0
788 788 -218.46 0
789 788 128 0
817 788 128 0
760 789 128 0
788 789 128 0
789 789 -218.46 0
790 789 128 0
818 789 128 0
761 790 128 0
789 790 128 0
790 790 -218.46 0
791 790 128 0
819 790 128 0
762 791 128 0
790 791 128 0
791 791 -218.46 0
792 791 128 0
820 791 128 0
763 792 128 0
791 792 128 0
792 792 -218.46 0
793 792 128 0
821 792 128 0
764 793 128 0
792 793 128 0
793 793 -218.46 0
794 793 128 0
822 793 128 0
765 794 128 0
793 794 128 0
794 794 -218.46 0
795 794 128 0
823 794 128 0
766 795 128 0
794 795 128 0
795 795 -218.46 0
796 795 128 0
824 795 128 0
767 796 128 0
795 796 128 0
796 796 -218.46 0
797 796 128 0
825 796 128 0
768 797 86.627 0
796 797 128 0
797 797 -218.46 0
798 797 128 0
826 797 128 0
769 798 128 0
797 798 128 0
798 798 -218.46 0
799 798 128 0
827 798 128 0
770 799 128 0
798 799 128 0
799 799 -218.46 0
800 799 128 0
828 799 128 0
771 800 128 0
799 800 128 0
800 800 -218.46 0
801 800 128 0
829 800 128 0
772 801 128 0
800 801 128 0
801 801 -218.46 0
802 801 128 0
830 801 128 0
773 802 128 0
801 802 128 0
802 802 -218.46 0
803 802 128 0
831 802 128 0
774 803 128 0
802 803 128 0
803 803 -218.46 0
804 803 128 0
832 803 128 0
775 804 128 0
803 804 128 0
804 804 -218.46 0
805 804 128 0
833 804 128 0
776 805 128 0
804 805 128 0
805 805 -218.46 0
806 805 128 0
834 805 128 0
777 806 128 0
805 806 128 0
806 806 -218.46 0
807 806 128 0
835 806 128 0
778 807 128 0
806 807 128 0
807 807 -218.46 0
808 807 128 0
836 807 128 0
779 808 128 0
807 808 128 0
808 808 -218.46 0
809 808 128 0
837 808 128 0
780 809 128 0
808 809 128 0
809 809 -218.46 0
810 809 128 0
838 809 128 0
781 810 128 0
809 810 128 0
810 810 -218.46 0
811 810 128 0
839 810 128 0
782 811 128 0
810 811 128 0
811 811 -218.46 0
840 811 128 0
783 812 128 0
812 812 -218.46 0
813 812 128 0
784 813 128 0
812 813 128 0
813 813 -218.46 0
814 813 128 0
785 814 128 0
813 814 128 0
814 814 -218.46 0
815 814 128 0
786 815 128 0
814 815 128 0
815 815 -218.46 0
816 815 128 0
787 816 128 0
815 816 128 0
816 816 -218.46 0
817 816 128 0
788 817 128 0
816 817 128 0
817 817 -218.46 0
818 817 128 0
789 818 128 0
817 818 128 0
818 818 -218.46 0
819 818 128 0
790 819 128 0
818 819 128 0
819 819 -218.46 0
820 819 128 0
791 820 128 0
819 820 128 0
820 820 -218.46 0
821 820 128 0
792 821 128 0
820 821 128 0
821 821 -218.46 0
822 821 128 0
793 822 128 0
821 822 128 0
822 822 -218.46 0
823 822 128 0
794 823 128 0
822 823 128 0
823 823 -218.46 0
824 823 128 0
795 824 128 0
823 824 128 0
824 824 -218.46 0
825 824 128 0
796 825 128 0
824 825 128 0
825 825 -218.46 0
826 825 128 0
797 826 128 0
825 826 128 0
826 826 -218.46 0
827 826 128 0
798 827 128 0
826 827 128 0
827 827 -218.46 0
828 827 128 0
799 828 128 0
827 828 128 0
828 828 -218.46 0
829 828 128 0
800 829 128 0
828 829 128 0
829 829 -218.46 0
830 829 128 0
801 830 128 0
829 830 128 0
830 830 -218.46 0
831 830 128 0
802 831 128 0
830 831 128 0
831 831 -218.46 0
832 831 128 0
803 832 128 0
831 832 128 0
832 832 -218.46 0
833 832 128 0
804 833 128 0
832 833 128 0
833 833 -218.46 0
834 833 128 0
805 834 128 0
833 834 128 0
834 834 -218.46 0
835 834 128 0
806 835 128 0
834 835 128 0
835 835 -218.46 0
836 835 128 0
807 836 128 0
835 836 128 0
836 836 -218.46 0
837 836 128 0
808 837 128 0
836 837 128 0
837 837 -218.46 0
838 837 128 0
809 838 128 0
837 838 128 0
838 838 -218.46 0
839 838 128 0
810 839 128 0
838 839 128 0
839 839 -218.46 0
840 839 128 0
811 840 128 0
839 840 128 0
840 840 -218.46 0
