177 177 885
1 4 1
1 17 1
1 89 1
1 117 1
2 49 1
2 50 1
2 72 1
2 73 1
2 101 1
2 104 1
2 129 1
3 10 1
3 31 1
3 36 1
3 55 1
3 105 1
3 154 1
4 38 1
4 109 1
4 111 1
4 113 1
4 115 1
4 158 1
4 174 1
4 175 1
4 176 1
5 41 1
5 44 1
5 63 1
5 86 1
5 90 1
5 116 1
5 118 1
5 119 1
5 140 1
6 34 1
6 74 1
6 75 1
6 134 1
6 154 1
6 171 1
7 12 1
7 15 1
7 37 1
7 58 1
7 60 1
7 82 1
7 110 1
7 156 1
7 174 1
8 5 1
8 47 1
8 123 1
8 166 1
9 53 1
9 71 1
9 97 1
9 99 1
9 103 1
9 128 1
9 129 1
9 148 1
9 150 1
10 32 1
10 35 1
10 56 1
10 76 1
10 105 1
10 107 1
10 133 1
10 155 1
10 172 1
11 6 1
11 23 1
11 24 1
11 67 1
11 124 1
11 165 1
11 166 1
12 11 1
12 30 1
12 33 1
12 74 1
12 77 1
12 78 1
12 106 1
12 134 1
12 155 1
13 12 1
13 14 1
13 16 1
13 57 1
13 59 1
13 84 1
13 85 1
13 109 1
13 110 1
13 139 1
13 157 1
13 158 1
13 159 1
13 176 1
14 17 1
14 40 1
14 41 1
14 42 1
14 120 1
14 142 1
14 163 1
15 50 1
15 69 1
15 70 1
15 132 1
16 13 1
16 37 1
16 80 1
16 81 1
16 112 1
16 114 1
16 137 1
16 161 1
16 177 1
17 21 1
17 22 1
17 23 1
17 64 1
17 92 1
17 127 1
17 144 1
17 146 1
17 167 1
18 7 1
18 26 1
18 27 1
18 51 1
18 71 1
18 98 1
18 99 1
18 100 1
18 151 1
18 152 1
19 33 1
19 55 1
19 107 1
19 135 1
20 14 1
20 57 1
20 82 1
20 83 1
20 84 1
20 111 1
20 112 1
20 138 1
20 160 1
21 1 1
21 18 1
21 43 1
21 88 1
21 89 1
21 90 1
21 117 1
21 118 1
21 141 1
21 143 1
21 164 1
22 8 1
22 52 1
22 72 1
22 101 1
22 131 1
22 153 1
22 169 1
22 170 1
23 9 1
23 56 1
23 76 1
24 2 1
24 19 1
24 44 1
24 62 1
24 119 1
24 120 1
24 141 1
24 164 1
25 48 1
25 66 1
25 67 1
25 93 1
25 94 1
25 145 1
25 146 1
25 147 1
26 10 1
26 34 1
26 35 1
26 77 1
26 173 1
27 16 1
27 59 1
27 115 1
27 138 1
27 160 1
27 177 1
28 3 1
28 18 1
28 40 1
28 61 1
28 88 1
28 121 1
28 140 1
29 20 1
29 21 1
29 48 1
29 66 1
29 68 1
29 95 1
29 123 1
29 125 1
29 165 1
30 8 1
30 26 1
30 69 1
30 128 1
30 130 1
30 148 1
30 168 1
31 9 1
31 30 1
31 54 1
31 106 1
31 133 1
31 136 1
31 171 1
31 172 1
32 3 1
32 4 1
32 45 1
32 63 1
32 91 1
32 121 1
32 122 1
32 142 1
32 143 1
33 6 1
33 25 1
33 68 1
33 95 1
33 96 1
33 127 1
33 167 1
34 29 1
34 53 1
34 73 1
34 104 1
34 132 1
34 152 1
34 153 1
34 170 1
35 39 1
35 60 1
35 85 1
35 139 1
35 161 1
36 1 1
36 2 1
36 3 1
36 4 1
37 17 1
37 18 1
37 19 1
38 40 1
38 41 1
38 42 1
38 43 1
38 44 1
38 45 1
39 61 1
39 62 1
39 63 1
40 86 1
40 87 1
40 88 1
40 89 1
40 90 1
40 91 1
41 116 1
41 117 1
41 118 1
41 119 1
41 120 1
41 121 1
41 122 1
42 140 1
42 141 1
42 142 1
42 143 1
43 162 1
43 163 1
43 164 1
44 5 1
44 6 1
45 20 1
45 21 1
45 22 1
45 23 1
45 24 1
45 25 1
46 46 1
46 47 1
46 48 1
47 64 1
47 65 1
47 66 1
47 67 1
47 68 1
48 92 1
48 93 1
48 94 1
48 95 1
48 96 1
49 123 1
49 124 1
49 125 1
49 126 1
49 127 1
50 144 1
50 145 1
50 146 1
50 147 1
51 165 1
51 166 1
51 167 1
52 7 1
52 8 1
53 26 1
53 27 1
53 28 1
53 29 1
54 49 1
54 50 1
54 51 1
54 52 1
54 53 1
55 69 1
55 70 1
55 71 1
55 72 1
55 73 1
56 97 1
56 98 1
56 99 1
56 100 1
56 101 1
56 102 1
56 103 1
56 104 1
57 128 1
57 129 1
57 130 1
57 131 1
57 132 1
58 148 1
58 149 1
58 150 1
58 151 1
58 152 1
58 153 1
59 168 1
59 169 1
59 170 1
60 9 1
60 10 1
60 11 1
61 30 1
61 31 1
61 32 1
61 33 1
61 34 1
61 35 1
61 36 1
62 54 1
62 55 1
62 56 1
63 74 1
63 75 1
63 76 1
63 77 1
63 78 1
63 79 1
64 105 1
64 106 1
64 107 1
64 108 1
65 133 1
65 134 1
65 135 1
65 136 1
66 154 1
66 155 1
67 171 1
67 172 1
67 173 1
68 12 1
68 13 1
68 14 1
68 15 1
68 16 1
69 37 1
69 38 1
69 39 1
70 57 1
70 58 1
70 59 1
70 60 1
71 140 1
71 156 1
71 168 1
71 171 1
72 123 1
72 128 1
72 133 1
72 148 1
72 172 1
73 30 1
73 106 1
73 130 1
73 157 1
73 165 1
74 13 1
74 20 1
74 40 1
74 54 1
74 69 1
74 80 1
75 21 1
75 26 1
75 61 1
76 8 1
76 9 1
76 18 1
76 88 1
76 125 1
77 48 1
77 66 1
78 3 1
78 68 1
78 95 1
78 121 1
78 136 1
79 154 1
79 174 1
80 105 1
80 129 1
80 175 1
81 49 1
81 109 1
81 124 1
81 158 1
81 176 1
82 17 1
82 31 1
82 50 1
83 55 1
83 64 1
83 111 1
84 38 1
84 65 1
84 72 1
84 89 1
84 101 1
84 113 1
84 117 1
85 10 1
85 93 1
85 115 1
86 4 1
86 36 1
86 73 1
86 104 1
87 12 1
87 74 1
87 86 1
87 110 1
87 116 1
87 134 1
87 149 1
88 37 1
88 41 1
88 70 1
88 75 1
89 7 1
89 22 1
89 27 1
89 82 1
89 92 1
89 98 1
90 15 1
90 46 1
90 58 1
90 90 1
90 118 1
91 34 1
91 44 1
91 102 1
91 119 1
92 25 1
92 60 1
92 63 1
93 97 1
93 150 1
93 155 1
93 159 1
93 162 1
93 166 1
94 5 1
94 32 1
94 42 1
94 81 1
95 71 1
95 83 1
95 87 1
95 99 1
95 107 1
96 43 1
96 47 1
96 56 1
96 76 1
97 2 1
97 19 1
97 35 1
97 103 1
98 39 1
98 53 1
98 91 1
99 14 1
99 23 1
99 33 1
99 51 1
99 57 1
99 84 1
99 100 1
100 1 1
100 24 1
100 52 1
101 16 1
101 28 1
101 59 1
101 62 1
101 67 1
101 77 1
102 6 1
102 11 1
102 29 1
102 45 1
102 78 1
102 85 1
102 139 1
103 112 1
103 135 1
103 144 1
103 163 1
104 114 1
104 126 1
104 137 1
105 94 1
105 120 1
105 145 1
105 173 1
105 177 1
106 79 1
106 96 1
106 108 1
106 132 1
106 142 1
106 161 1
107 138 1
107 146 1
107 151 1
107 160 1
108 122 1
108 127 1
108 152 1
108 167 1
109 131 1
109 141 1
109 147 1
109 164 1
109 169 1
110 143 1
110 153 1
110 170 1
111 4 1
111 10 1
112 17 1
112 31 1
112 36 1
112 38 1
113 64 1
113 65 1
113 72 1
113 73 1
114 89 1
114 93 1
114 101 1
114 104 1
114 105 1
114 109 1
114 111 1
114 113 1
114 115 1
115 117 1
115 124 1
115 129 1
116 154 1
116 158 1
117 174 1
117 175 1
117 176 1
118 7 1
118 12 1
118 15 1
119 41 1
119 44 1
119 46 1
119 58 1
119 60 1
120 63 1
120 70 1
120 74 1
120 75 1
120 82 1
121 86 1
121 90 1
121 92 1
121 98 1
121 102 1
121 110 1
122 116 1
122 118 1
122 119 1
122 134 1
123 140 1
123 149 1
123 154 1
123 156 1
124 168 1
124 171 1
124 174 1
125 42 1
125 43 1
125 47 1
125 53 1
125 56 1
126 71 1
126 76 1
126 81 1
126 83 1
127 87 1
127 91 1
127 97 1
127 99 1
127 103 1
127 105 1
127 107 1
128 123 1
128 128 1
128 129 1
128 133 1
129 148 1
129 150 1
129 155 1
129 159 1
130 162 1
130 166 1
130 172 1
130 175 1
131 1 1
131 6 1
131 11 1
131 12 1
131 14 1
131 16 1
132 23 1
132 24 1
132 28 1
132 29 1
132 30 1
132 33 1
133 45 1
133 49 1
133 51 1
133 52 1
133 57 1
133 59 1
134 62 1
134 67 1
134 74 1
134 77 1
134 78 1
134 84 1
134 85 1
135 116 1
135 124 1
135 130 1
135 134 1
135 139 1
136 149 1
136 150 1
136 155 1
136 157 1
136 158 1
136 159 1
137 162 1
137 165 1
137 166 1
137 176 1
138 5 1
138 13 1
139 69 1
139 70 1
139 75 1
139 79 1
139 80 1
139 81 1
140 94 1
140 96 1
140 108 1
140 112 1
140 114 1
141 120 1
141 126 1
141 132 1
141 135 1
141 137 1
142 142 1
142 144 1
142 145 1
142 161 1
143 163 1
143 173 1
143 177 1
144 7 1
144 14 1
145 21 1
145 22 1
145 23 1
145 26 1
145 27 1
145 33 1
146 51 1
146 55 1
146 57 1
147 61 1
147 64 1
147 71 1
147 82 1
147 83 1
147 84 1
148 122 1
148 127 1
148 135 1
148 138 1
149 144 1
149 146 1
149 151 1
149 152 1
149 160 1
150 163 1
150 167 1
151 1 1
151 8 1
151 9 1
151 15 1
152 18 1
152 24 1
152 38 1
153 88 1
153 89 1
153 90 1
153 101 1
153 113 1
153 114 1
154 117 1
154 118 1
154 125 1
154 126 1
154 131 1
154 137 1
155 141 1
155 143 1
155 147 1
155 153 1
156 164 1
156 169 1
156 170 1
157 2 1
157 10 1
157 16 1
158 19 1
158 28 1
158 34 1
158 35 1
159 62 1
159 66 1
159 67 1
159 77 1
160 93 1
160 94 1
160 102 1
160 103 1
160 115 1
161 119 1
161 120 1
161 131 1
161 138 1
162 141 1
162 145 1
162 146 1
162 147 1
162 151 1
162 160 1
163 164 1
163 169 1
163 173 1
163 177 1
164 18 1
164 20 1
164 21 1
164 26 1
164 30 1
165 40 1
165 48 1
165 54 1
166 61 1
166 66 1
166 68 1
166 69 1
166 80 1
167 88 1
167 95 1
167 106 1
168 121 1
168 123 1
168 125 1
168 128 1
168 130 1
168 133 1
168 136 1
169 140 1
169 148 1
169 156 1
169 157 1
170 165 1
170 168 1
170 171 1
170 172 1
171 3 1
171 4 1
171 6 1
171 11 1
172 25 1
172 29 1
172 36 1
172 39 1
173 45 1
173 53 1
173 60 1
174 91 1
174 95 1
174 96 1
174 104 1
174 108 1
175 121 1
175 122 1
175 127 1
175 132 1
175 136 1
175 139 1
176 142 1
176 143 1
176 152 1
176 153 1
176 161 1
177 167 1
177 170 1
