900 900 7744
1 1 8
2 1 -1
31 1 -1
32 1 -1
1 2 -1
2 2 8
3 2 -1
31 2 -1
32 2 -1
33 2 -1
2 3 -1
3 3 8
4 3 -1
32 3 -1
33 3 -1
34 3 -1
3 4 -1
4 4 8
5 4 -1
33 4 -1
34 4 -1
35 4 -1
4 5 -1
5 5 8
6 5 -1
34 5 -1
35 5 -1
36 5 -1
5 6 -1
6 6 8
7 6 -1
35 6 -1
36 6 -1
37 6 -1
6 7 -1
7 7 8
8 7 -1
36 7 -1
37 7 -1
38 7 -1
7 8 -1
8 8 8
9 8 -1
37 8 -1
38 8 -1
39 8 -1
8 9 -1
9 9 8
10 9 -1
38 9 -1
39 9 -1
40 9 -1
9 10 -1
10 10 8
11 10 -1
39 10 -1
40 10 -1
41 10 -1
10 11 -1
11 11 8
12 11 -1
40 11 -1
41 11 -1
42 11 -1
11 12 -1
12 12 8
13 12 -1
41 12 -1
42 12 -1
43 12 -1
12 13 -1
13 13 8
14 13 -1
42 13 -1
43 13 -1
44 13 -1
13 14 -1
14 14 8
15 14 -1
43 14 -1
44 14 -1
45 14 -1
14 15 -1
15 15 8
16 15 -1
44 15 -1
45 15 -1
46 15 -1
15 16 -1
16 16 8
17 16 -1
45 16 -1
46 16 -1
47 16 -1
16 17 -1
17 17 8
18 17 -1
46 17 -1
47 17 -1
48 17 -1
17 18 -1
18 18 8
19 18 -1
47 18 -1
48 18 -1
49 18 -1
18 19 -1
19 19 8
20 19 -1
48 19 -1
49 19 -1
50 19 -1
19 20 -1
20 20 8
21 20 -1
49 20 -1
50 20 -1
51 20 -1
20 21 -1
21 21 8
22 21 -1
50 21 -1
51 21 -1
52 21 -1
21 22 -1
22 22 8
23 22 -1
51 22 -1
52 22 -1
53 22 -1
22 23 -1
23 23 8
24 23 -1
52 23 -1
53 23 -1
54 23 -1
23 24 -1
24 24 8
25 24 -1
53 24 -1
54 24 -1
55 24 -1
24 25 -1
25 25 8
26 25 -1
54 25 -1
55 25 -1
56 25 -1
25 26 -1
26 26 8
27 26 -1
55 26 -1
56 26 -1
57 26 -1
26 27 -1
27 27 8
28 27 -1
56 27 -1
57 27 -1
58 27 -1
27 28 -1
28 28 8
29 28 -1
57 28 -1
58 28 -1
59 28 -1
28 29 -1
29 29 8
30 29 -1
58 29 -1
59 29 -1
60 29 -1
29 30 -1
30 30 8
59 30 -1
60 30 -1
1 31 -1
2 31 -1
31 31 8
32 31 -1
61 31 -1
62 31 -1
1 32 -1
2 32 -1
3 32 -1
31 32 -1
32 32 8
33 32 -1
61 32 -1
62 32 -1
63 32 -1
2 33 -1
3 33 -1
4 33 -1
32 33 -1
33 33 8
34 33 -1
62 33 -1
63 33 -1
64 33 -1
3 34 -1
4 34 -1
5 34 -1
33 34 -1
34 34 8
35 34 -1
63 34 -1
64 34 -1
65 34 -1
4 35 -1
5 35 -1
6 35 -1
34 35 -1
35 35 8
36 35 -1
64 35 -1
65 35 -1
66 35 -1
5 36 -1
6 36 -1
7 36 -1
35 36 -1
36 36 8
37 36 -1
65 36 -1
66 36 -1
67 36 -1
6 37 -1
7 37 -1
8 37 -1
36 37 -1
37 37 8
38 37 -1
66 37 -1
67 37 -1
68 37 -1
7 38 -1
8 38 -1
9 38 -1
37 38 -1
38 38 8
39 38 -1
67 38 -1
68 38 -1
69 38 -1
8 39 -1
9 39 -1
10 39 -1
38 39 -1
39 39 8
40 39 -1
68 39 -1
69 39 -1
70 39 -1
9 40 -1
10 40 -1
11 40 -1
39 40 -1
40 40 8
41 40 -1
69 40 -1
70 40 -1
71 40 -1
10 41 -1
11 41 -1
12 41 -1
40 41 -1
41 41 8
42 41 -1
70 41 -1
71 41 -1
72 41 -1
11 42 -1
12 42 -1
13 42 -1
41 42 -1
42 42 8
43 42 -1
71 42 -1
72 42 -1
73 42 -1
12 43 -1
13 43 -1
14 43 -1
42 43 -1
43 43 8
44 43 -1
72 43 -1
73 43 -1
74 43 -1
13 44 -1
14 44 -1
15 44 -1
43 44 -1
44 44 8
45 44 -1
73 44 -1
74 44 -1
75 44 -1
14 45 -1
15 45 -1
16 45 -1
44 45 -1
45 45 8
46 45 -1
74 45 -1
75 45 -1
76 45 -1
15 46 -1
16 46 -1
17 46 -1
45 46 -1
46 46 8
47 46 -1
75 46 -1
76 46 -1
77 46 -1
16 47 -1
17 47 -1
18 47 -1
46 47 -1
47 47 8
48 47 -1
76 47 -1
77 47 -1
78 47 -1
17 48 -1
18 48 -1
19 48 -1
47 48 -1
48 48 8
49 48 -1
77 48 -1
78 48 -1
79 48 -1
18 49 -1
19 49 -1
20 49 -1
48 49 -1
49 49 8
50 49 -1
78 49 -1
79 49 -1
80 49 -1
19 50 -1
20 50 -1
21 50 -1
49 50 -1
50 50 8
51 50 -1
79 50 -1
80 50 -1
81 50 -1
20 51 -1
21 51 -1
22 51 -1
50 51 -1
51 51 8
52 51 -1
80 51 -1
81 51 -1
82 51 -1
21 52 -1
22 52 -1
23 52 -1
51 52 -1
52 52 8
53 52 -1
81 52 -1
82 52 -1
83 52 -1
22 53 -1
23 53 -1
24 53 -1
52 53 -1
53 53 8
54 53 -1
82 53 -1
83 53 -1
84 53 -1
23 54 -1
24 54 -1
25 54 -1
53 54 -1
54 54 8
55 54 -1
83 54 -1
84 54 -1
85 54 -1
24 55 -1
25 55 -1
26 55 -1
54 55 -1
55 55 8
56 55 -1
84 55 -1
85 55 -1
86 55 -1
25 56 -1
26 56 -1
27 56 -1
55 56 -1
56 56 8
57 56 -1
85 56 -1
86 56 -1
87 56 -1
26 57 -1
27 57 -1
28 57 -1
56 57 -1
57 57 8
58 57 -1
86 57 -1
87 57 -1
88 57 -1
27 58 -1
28 58 -1
29 58 -1
57 58 -1
58 58 8
59 58 -1
87 58 -1
88 58 -1
89 58 -1
28 59 -1
29 59 -1
30 59 -1
58 59 -1
59 59 8
60 59 -1
88 59 -1
89 59 -1
90 59 -1
29 60 -1
30 60 -1
59 60 -1
60 60 8
89 60 -1
90 60 -1
31 61 -1
32 61 -1
61 61 8
62 61 -1
91 61 -1
92 61 -1
31 62 -1
32 62 -1
33 62 -1
61 62 -1
62 62 8
63 62 -1
91 62 -1
92 62 -1
93 62 -1
32 63 -1
33 63 -1
34 63 -1
62 63 -1
63 63 8
64 63 -1
92 63 -1
93 63 -1
94 63 -1
33 64 -1
34 64 -1
35 64 -1
63 64 -1
64 64 8
65 64 -1
93 64 -1
94 64 -1
95 64 -1
34 65 -1
35 65 -1
36 65 -1
64 65 -1
65 65 8
66 65 -1
94 65 -1
95 65 -1
96 65 -1
35 66 -1
36 66 -1
37 66 -1
65 66 -1
66 66 8
67 66 -1
95 66 -1
96 66 -1
97 66 -1
36 67 -1
37 67 -1
38 67 -1
66 67 -1
67 67 8
68 67 -1
96 67 -1
97 67 -1
98 67 -1
37 68 -1
38 68 -1
39 68 -1
67 68 -1
68 68 8
69 68 -1
97 68 -1
98 68 -1
99 68 -1
38 69 -1
39 69 -1
40 69 -1
68 69 -1
69 69 8
70 69 -1
98 69 -1
99 69 -1
100 69 -1
39 70 -1
40 70 -1
41 70 -1
69 70 -1
70 70 8
71 70 -1
99 70 -1
100 70 -1
101 70 -1
40 71 -1
41 71 -1
42 71 -1
70 71 -1
71 71 8
72 71 -1
100 71 -1
101 71 -1
102 71 -1
41 72 -1
42 72 -1
43 72 -1
71 72 -1
72 72 8
73 72 -1
101 72 -1
102 72 -1
103 72 -1
42 73 -1
43 73 -1
44 73 -1
72 73 -1
73 73 8
74 73 -1
102 73 -1
103 73 -1
104 73 -1
43 74 -1
44 74 -1
45 74 -1
73 74 -1
74 74 8
75 74 -1
103 74 -1
104 74 -1
105 74 -1
44 75 -1
45 75 -1
46 75 -1
74 75 -1
75 75 8
76 75 -1
104 75 -1
105 75 -1
106 75 -1
45 76 -1
46 76 -1
47 76 -1
75 76 -1
76 76 8
77 76 -1
105 76 -1
106 76 -1
107 76 -1
46 77 -1
47 77 -1
48 77 -1
76 77 -1
77 77 8
78 77 -1
106 77 -1
107 77 -1
108 77 -1
47 78 -1
48 78 -1
49 78 -1
77 78 -1
78 78 8
79 78 -1
107 78 -1
108 78 -1
109 78 -1
48 79 -1
49 79 -1
50 79 -1
78 79 -1
79 79 8
80 79 -1
108 79 -1
109 79 -1
110 79 -1
49 80 -1
50 80 -1
51 80 -1
79 80 -1
80 80 8
81 80 -1
109 80 -1
110 80 -1
111 80 -1
50 81 -1
51 81 -1
52 81 -1
80 81 -1
81 81 8
82 81 -1
110 81 -1
111 81 -1
112 81 -1
51 82 -1
52 82 -1
53 82 -1
81 82 -1
82 82 8
83 82 -1
111 82 -1
112 82 -1
113 82 -1
52 83 -1
53 83 -1
54 83 -1
82 83 -1
83 83 8
84 83 -1
112 83 -1
113 83 -1
114 83 -1
53 84 -1
54 84 -1
55 84 -1
83 84 -1
84 84 8
85 84 -1
113 84 -1
114 84 -1
115 84 -1
54 85 -1
55 85 -1
56 85 -1
84 85 -1
85 85 8
86 85 -1
114 85 -1
115 85 -1
116 85 -1
55 86 -1
56 86 -1
57 86 -1
85 86 -1
86 86 8
87 86 -1
115 86 -1
116 86 -1
117 86 -1
56 87 -1
57 87 -1
58 87 -1
86 87 -1
87 87 8
88 87 -1
116 87 -1
117 87 -1
118 87 -1
57 88 -1
58 88 -1
59 88 -1
87 88 -1
88 88 8
89 88 -1
117 88 -1
118 88 -1
119 88 -1
58 89 -1
59 89 -1
60 89 -1
88 89 -1
89 89 8
90 89 -1
118 89 -1
119 89 -1
120 89 -1
59 90 -1
60 90 -1
89 90 -1
90 90 8
119 90 -1
120 90 -1
61 91 -1
62 91 -1
91 91 8
92 91 -1
121 91 -1
122 91 -1
61 92 -1
62 92 -1
63 92 -1
91 92 -1
92 92 8
93 92 -1
121 92 -1
122 92 -1
123 92 -1
62 93 -1
63 93 -1
64 93 -1
92 93 -1
93 93 8
94 93 -1
122 93 -1
123 93 -1
124 93 -1
63 94 -1
64 94 -1
65 94 -1
93 94 -1
94 94 8
95 94 -1
123 94 -1
124 94 -1
125 94 -1
64 95 -1
65 95 -1
66 95 -1
94 95 -1
95 95 8
96 95 -1
124 95 -1
125 95 -1
126 95 -1
65 96 -1
66 96 -1
67 96 -1
95 96 -1
96 96 8
97 96 -1
125 96 -1
126 96 -1
127 96 -1
66 97 -1
67 97 -1
68 97 -1
96 97 -1
97 97 8
98 97 -1
126 97 -1
127 97 -1
128 97 -1
67 98 -1
68 98 -1
69 98 -1
97 98 -1
98 98 8
99 98 -1
127 98 -1
128 98 -1
129 98 -1
68 99 -1
69 99 -1
70 99 -1
98 99 -1
99 99 8
100 99 -1
128 99 -1
129 99 -1
130 99 -1
69 100 -1
70 100 -1
71 100 -1
99 100 -1
100 100 8
101 100 -1
129 100 -1
130 100 -1
131 100 -1
70 101 -1
71 101 -1
72 101 -1
100 101 -1
101 101 8
102 101 -1
130 101 -1
131 101 -1
132 101 -1
71 102 -1
72 102 -1
73 102 -1
101 102 -1
102 102 8
103 102 -1
131 102 -1
132 102 -1
133 102 -1
72 103 -1
73 103 -1
74 103 -1
102 103 -1
103 103 8
104 103 -1
132 103 -1
133 103 -1
134 103 -1
73 104 -1
74 104 -1
75 104 -1
103 104 -1
104 104 8
105 104 -1
133 104 -1
134 104 -1
135 104 -1
74 105 -1
75 105 -1
76 105 -1
104 105 -1
105 105 8
106 105 -1
134 105 -1
135 105 -1
136 105 -1
75 106 -1
76 106 -1
77 106 -1
105 106 -1
106 106 8
107 106 -1
135 106 -1
136 106 -1
137 106 -1
76 107 -1
77 107 -1
78 107 -1
106 107 -1
107 107 8
108 107 -1
136 107 -1
137 107 -1
138 107 -1
77 108 -1
78 108 -1
79 108 -1
107 108 -1
108 108 8
109 108 -1
137 108 -1
138 108 -1
139 108 -1
78 109 -1
79 109 -1
80 109 -1
108 109 -1
109 109 8
110 109 -1
138 109 -1
139 109 -1
140 109 -1
79 110 -1
80 110 -1
81 110 -1
109 110 -1
110 110 8
111 110 -1
139 110 -1
140 110 -1
141 110 -1
80 111 -1
81 111 -1
82 111 -1
110 111 -1
111 111 8
112 111 -1
140 111 -1
141 111 -1
142 111 -1
81 112 -1
82 112 -1
83 112 -1
111 112 -1
112 112 8
113 112 -1
141 112 -1
142 112 -1
143 112 -1
82 113 -1
83 113 -1
84 113 -1
112 113 -1
113 113 8
114 113 -1
142 113 -1
143 113 -1
144 113 -1
83 114 -1
84 114 -1
85 114 -1
113 114 -1
114 114 8
115 114 -1
143 114 -1
144 114 -1
145 114 -1
84 115 -1
85 115 -1
86 115 -1
114 115 -1
115 115 8
116 115 -1
144 115 -1
145 115 -1
146 115 -1
85 116 -1
86 116 -1
87 116 -1
115 116 -1
116 116 8
117 116 -1
145 116 -1
146 116 -1
147 116 -1
86 117 -1
87 117 -1
88 117 -1
116 117 -1
117 117 8
118 117 -1
146 117 -1
147 117 -1
148 117 -1
87 118 -1
88 118 -1
89 118 -1
117 118 -1
118 118 8
119 118 -1
147 118 -1
148 118 -1
149 118 -1
88 119 -1
89 119 -1
90 119 -1
118 119 -1
119 119 8
120 119 -1
148 119 -1
149 119 -1
150 119 -1
89 120 -1
90 120 -1
119 120 -1
120 120 8
149 120 -1
150 120 -1
91 121 -1
92 121 -1
121 121 8
122 121 -1
151 121 -1
152 121 -1
91 122 -1
92 122 -1
93 122 -1
121 122 -1
122 122 8
123 122 -1
151 122 -1
152 122 -1
153 122 -1
92 123 -1
93 123 -1
94 123 -1
122 123 -1
123 123 8
124 123 -1
152 123 -1
153 123 -1
154 123 -1
93 124 -1
94 124 -1
95 124 -1
123 124 -1
124 124 8
125 124 -1
153 124 -1
154 124 -1
155 124 -1
94 125 -1
95 125 -1
96 125 -1
124 125 -1
125 125 8
126 125 -1
154 125 -1
155 125 -1
156 125 -1
95 126 -1
96 126 -1
97 126 -1
125 126 -1
126 126 8
127 126 -1
155 126 -1
156 126 -1
157 126 -1
96 127 -1
97 127 -1
98 127 -1
126 127 -1
127 127 8
128 127 -1
156 127 -1
157 127 -1
158 127 -1
97 128 -1
98 128 -1
99 128 -1
127 128 -1
128 128 8
129 128 -1
157 128 -1
158 128 -1
159 128 -1
98 129 -1
99 129 -1
100 129 -1
128 129 -1
129 129 8
130 129 -1
158 129 -1
159 129 -1
160 129 -1
99 130 -1
100 130 -1
101 130 -1
129 130 -1
130 130 8
131 130 -1
159 130 -1
160 130 -1
161 130 -1
100 131 -1
101 131 -1
102 131 -1
130 131 -1
131 131 8
132 131 -1
160 131 -1
161 131 -1
162 131 -1
101 132 -1
102 132 -1
103 132 -1
131 132 -1
132 132 8
133 132 -1
161 132 -1
162 132 -1
163 132 -1
102 133 -1
103 133 -1
104 133 -1
132 133 -1
133 133 8
134 133 -1
162 133 -1
163 133 -1
164 133 -1
103 134 -1
104 134 -1
105 134 -1
133 134 -1
134 134 8
135 134 -1
163 134 -1
164 134 -1
165 134 -1
104 135 -1
105 135 -1
106 135 -1
134 135 -1
135 135 8
136 135 -1
164 135 -1
165 135 -1
166 135 -1
105 136 -1
106 136 -1
107 136 -1
135 136 -1
136 136 8
137 136 -1
165 136 -1
166 136 -1
167 136 -1
106 137 -1
107 137 -1
108 137 -1
136 137 -1
137 137 8
138 137 -1
166 137 -1
167 137 -1
168 137 -1
107 138 -1
108 138 -1
109 138 -1
137 138 -1
138 138 8
139 138 -1
167 138 -1
168 138 -1
169 138 -1
108 139 -1
109 139 -1
110 139 -1
138 139 -1
139 139 8
140 139 -1
168 139 -1
169 139 -1
170 139 -1
109 140 -1
110 140 -1
111 140 -1
139 140 -1
140 140 8
141 140 -1
169 140 -1
170 140 -1
171 140 -1
110 141 -1
111 141 -1
112 141 -1
140 141 -1
141 141 8
142 141 -1
170 141 -1
171 141 -1
172 141 -1
111 142 -1
112 142 -1
113 142 -1
141 142 -1
142 142 8
143 142 -1
171 142 -1
172 142 -1
173 142 -1
112 143 -1
113 143 -1
114 143 -1
142 143 -1
143 143 8
144 143 -1
172 143 -1
173 143 -1
174 143 -1
113 144 -1
114 144 -1
115 144 -1
143 144 -1
144 144 8
145 144 -1
173 144 -1
174 144 -1
175 144 -1
114 145 -1
115 145 -1
116 145 -1
144 145 -1
145 145 8
146 145 -1
174 145 -1
175 145 -1
176 145 -1
115 146 -1
116 146 -1
117 146 -1
145 146 -1
146 146 8
147 146 -1
175 146 -1
176 146 -1
177 146 -1
116 147 -1
117 147 -1
118 147 -1
146 147 -1
147 147 8
148 147 -1
176 147 -1
177 147 -1
178 147 -1
117 148 -1
118 148 -1
119 148 -1
147 148 -1
148 148 8
149 148 -1
177 148 -1
178 148 -1
179 148 -1
118 149 -1
119 149 -1
120 149 -1
148 149 -1
149 149 8
150 149 -1
178 149 -1
179 149 -1
180 149 -1
119 150 -1
120 150 -1
149 150 -1
150 150 8
179 150 -1
180 150 -1
121 151 -1
122 151 -1
151 151 8
152 151 -1
181 151 -1
182 151 -1
121 152 -1
122 152 -1
123 152 -1
151 152 -1
152 152 8
153 152 -1
181 152 -1
182 152 -1
183 152 -1
122 153 -1
123 153 -1
124 153 -1
152 153 -1
153 153 8
154 153 -1
182 153 -1
183 153 -1
184 153 -1
123 154 -1
124 154 -1
125 154 -1
153 154 -1
154 154 8
155 154 -1
183 154 -1
184 154 -1
185 154 -1
124 155 -1
125 155 -1
126 155 -1
154 155 -1
155 155 8
156 155 -1
184 155 -1
185 155 -1
186 155 -1
125 156 -1
126 156 -1
127 156 -1
155 156 -1
156 156 8
157 156 -1
185 156 -1
186 156 -1
187 156 -1
126 157 -1
127 157 -1
128 157 -1
156 157 -1
157 157 8
158 157 -1
186 157 -1
187 157 -1
188 157 -1
127 158 -1
128 158 -1
129 158 -1
157 158 -1
158 158 8
159 158 -1
187 158 -1
188 158 -1
189 158 -1
128 159 -1
129 159 -1
130 159 -1
158 159 -1
159 159 8
160 159 -1
188 159 -1
189 159 -1
190 159 -1
129 160 -1
130 160 -1
131 160 -1
159 160 -1
160 160 8
161 160 -1
189 160 -1
190 160 -1
191 160 -1
130 161 -1
131 161 -1
132 161 -1
160 161 -1
161 161 8
162 161 -1
190 161 -1
191 161 -1
192 161 -1
131 162 -1
132 162 -1
133 162 -1
161 162 -1
162 162 8
163 162 -1
191 162 -1
192 162 -1
193 162 -1
132 163 -1
133 163 -1
134 163 -1
162 163 -1
163 163 8
164 163 -1
192 163 -1
193 163 -1
194 163 -1
133 164 -1
134 164 -1
135 164 -1
163 164 -1
164 164 8
165 164 -1
193 164 -1
194 164 -1
195 164 -1
134 165 -1
135 165 -1
136 165 -1
164 165 -1
165 165 8
166 165 -1
194 165 -1
195 165 -1
196 165 -1
135 166 -1
136 166 -1
137 166 -1
165 166 -1
166 166 8
167 166 -1
195 166 -1
196 166 -1
197 166 -1
136 167 -1
137 167 -1
138 167 -1
166 167 -1
167 167 8
168 167 -1
196 167 -1
197 167 -1
198 167 -1
137 168 -1
138 168 -1
139 168 -1
167 168 -1
168 168 8
169 168 -1
197 168 -1
198 168 -1
199 168 -1
138 169 -1
139 169 -1
140 169 -1
168 169 -1
169 169 8
170 169 -1
198 169 -1
199 169 -1
200 169 -1
139 170 -1
140 170 -1
141 170 -1
169 170 -1
170 170 8
171 170 -1
199 170 -1
200 170 -1
201 170 -1
140 171 -1
141 171 -1
142 171 -1
170 171 -1
171 171 8
172 171 -1
200 171 -1
201 171 -1
202 171 -1
141 172 -1
142 172 -1
143 172 -1
171 172 -1
172 172 8
173 172 -1
201 172 -1
202 172 -1
203 172 -1
142 173 -1
143 173 -1
144 173 -1
172 173 -1
173 173 8
174 173 -1
202 173 -1
203 173 -1
204 173 -1
143 174 -1
144 174 -1
145 174 -1
173 174 -1
174 174 8
175 174 -1
203 174 -1
204 174 -1
205 174 -1
144 175 -1
145 175 -1
146 175 -1
174 175 -1
175 175 8
176 175 -1
204 175 -1
205 175 -1
206 175 -1
145 176 -1
146 176 -1
147 176 -1
175 176 -1
176 176 8
177 176 -1
205 176 -1
206 176 -1
207 176 -1
146 177 -1
147 177 -1
148 177 -1
176 177 -1
177 177 8
178 177 -1
206 177 -1
207 177 -1
208 177 -1
147 178 -1
148 178 -1
149 178 -1
177 178 -1
178 178 8
179 178 -1
207 178 -1
208 178 -1
209 178 -1
148 179 -1
149 179 -1
150 179 -1
178 179 -1
179 179 8
180 179 -1
208 179 -1
209 179 -1
210 179 -1
149 180 -1
150 180 -1
179 180 -1
180 180 8
209 180 -1
210 180 -1
151 181 -1
152 181 -1
181 181 8
182 181 -1
211 181 -1
212 181 -1
151 182 -1
152 182 -1
153 182 -1
181 182 -1
182 182 8
183 182 -1
211 182 -1
212 182 -1
213 182 -1
152 183 -1
153 183 -1
154 183 -1
182 183 -1
183 183 8
184 183 -1
212 183 -1
213 183 -1
214 183 -1
153 184 -1
154 184 -1
155 184 -1
183 184 -1
184 184 8
185 184 -1
213 184 -1
214 184 -1
215 184 -1
154 185 -1
155 185 -1
156 185 -1
184 185 -1
185 185 8
186 185 -1
214 185 -1
215 185 -1
216 185 -1
155 186 -1
156 186 -1
157 186 -1
185 186 -1
186 186 8
187 186 -1
215 186 -1
216 186 -1
217 186 -1
156 187 -1
157 187 -1
158 187 -1
186 187 -1
187 187 8
188 187 -1
216 187 -1
217 187 -1
218 187 -1
157 188 -1
158 188 -1
159 188 -1
187 188 -1
188 188 8
189 188 -1
217 188 -1
218 188 -1
219 188 -1
158 189 -1
159 189 -1
160 189 -1
188 189 -1
189 189 8
190 189 -1
218 189 -1
219 189 -1
220 189 -1
159 190 -1
160 190 -1
161 190 -1
189 190 -1
190 190 8
191 190 -1
219 190 -1
220 190 -1
221 190 -1
160 191 -1
161 191 -1
162 191 -1
190 191 -1
191 191 8
192 191 -1
220 191 -1
221 191 -1
222 191 -1
161 192 -1
162 192 -1
163 192 -1
191 192 -1
192 192 8
193 192 -1
221 192 -1
222 192 -1
223 192 -1
162 193 -1
163 193 -1
164 193 -1
192 193 -1
193 193 8
194 193 -1
222 193 -1
223 193 -1
224 193 -1
163 194 -1
164 194 -1
165 194 -1
193 194 -1
194 194 8
195 194 -1
223 194 -1
224 194 -1
225 194 -1
164 195 -1
165 195 -1
166 195 -1
194 195 -1
195 195 8
196 195 -1
224 195 -1
225 195 -1
226 195 -1
165 196 -1
166 196 -1
167 196 -1
195 196 -1
196 196 8
197 196 -1
225 196 -1
226 196 -1
227 196 -1
166 197 -1
167 197 -1
168 197 -1
196 197 -1
197 197 8
198 197 -1
226 197 -1
227 197 -1
228 197 -1
167 198 -1
168 198 -1
169 198 -1
197 198 -1
198 198 8
199 198 -1
227 198 -1
228 198 -1
229 198 -1
168 199 -1
169 199 -1
170 199 -1
198 199 -1
199 199 8
200 199 -1
228 199 -1
229 199 -1
230 199 -1
169 200 -1
170 200 -1
171 200 -1
199 200 -1
200 200 8
201 200 -1
229 200 -1
230 200 -1
231 200 -1
170 201 -1
171 201 -1
172 201 -1
200 201 -1
201 201 8
202 201 -1
230 201 -1
231 201 -1
232 201 -1
171 202 -1
172 202 -1
173 202 -1
201 202 -1
202 202 8
203 202 -1
231 202 -1
232 202 -1
233 202 -1
172 203 -1
173 203 -1
174 203 -1
202 203 -1
203 203 8
204 203 -1
232 203 -1
233 203 -1
234 203 -1
173 204 -1
174 204 -1
175 204 -1
203 204 -1
204 204 8
205 204 -1
233 204 -1
234 204 -1
235 204 -1
174 205 -1
175 205 -1
176 205 -1
204 205 -1
205 205 8
206 205 -1
234 205 -1
235 205 -1
236 205 -1
175 206 -1
176 206 -1
177 206 -1
205 206 -1
206 206 8
207 206 -1
235 206 -1
236 206 -1
237 206 -1
176 207 -1
177 207 -1
178 207 -1
206 207 -1
207 207 8
208 207 -1
236 207 -1
237 207 -1
238 207 -1
177 208 -1
178 208 -1
179 208 -1
207 208 -1
208 208 8
209 208 -1
237 208 -1
238 208 -1
239 208 -1
178 209 -1
179 209 -1
180 209 -1
208 209 -1
209 209 8
210 209 -1
238 209 -1
239 209 -1
240 209 -1
179 210 -1
180 210 -1
209 210 -1
210 210 8
239 210 -1
240 210 -1
181 211 -1
182 211 -1
211 211 8
212 211 -1
241 211 -1
242 211 -1
181 212 -1
182 212 -1
183 212 -1
211 212 -1
212 212 8
213 212 -1
241 212 -1
242 212 -1
243 212 -1
182 213 -1
183 213 -1
184 213 -1
212 213 -1
213 213 8
214 213 -1
242 213 -1
243 213 -1
244 213 -1
183 214 -1
184 214 -1
185 214 -1
213 214 -1
214 214 8
215 214 -1
243 214 -1
244 214 -1
245 214 -1
184 215 -1
185 215 -1
186 215 -1
214 215 -1
215 215 8
216 215 -1
244 215 -1
245 215 -1
246 215 -1
185 216 -1
186 216 -1
187 216 -1
215 216 -1
216 216 8
217 216 -1
245 216 -1
246 216 -1
247 216 -1
186 217 -1
187 217 -1
188 217 -1
216 217 -1
217 217 8
218 217 -1
246 217 -1
247 217 -1
248 217 -1
187 218 -1
188 218 -1
189 218 -1
217 218 -1
218 218 8
219 218 -1
247 218 -1
248 218 -1
249 218 -1
188 219 -1
189 219 -1
190 219 -1
218 219 -1
219 219 8
220 219 -1
248 219 -1
249 219 -1
250 219 -1
189 220 -1
190 220 -1
191 220 -1
219 220 -1
220 220 8
221 220 -1
249 220 -1
250 220 -1
251 220 -1
190 221 -1
191 221 -1
192 221 -1
220 221 -1
221 221 8
222 221 -1
250 221 -1
251 221 -1
252 221 -1
191 222 -1
192 222 -1
193 222 -1
221 222 -1
222 222 8
223 222 -1
251 222 -1
252 222 -1
253 222 -1
192 223 -1
193 223 -1
194 223 -1
222 223 -1
223 223 8
224 223 -1
252 223 -1
253 223 -1
254 223 -1
193 224 -1
194 224 -1
195 224 -1
223 224 -1
224 224 8
225 224 -1
253 224 -1
254 224 -1
255 224 -1
194 225 -1
195 225 -1
196 225 -1
224 225 -1
225 225 8
226 225 -1
254 225 -1
255 225 -1
256 225 -1
195 226 -1
196 226 -1
197 226 -1
225 226 -1
226 226 8
227 226 -1
255 226 -1
256 226 -1
257 226 -1
196 227 -1
197 227 -1
198 227 -1
226 227 -1
227 227 8
228 227 -1
256 227 -1
257 227 -1
258 227 -1
197 228 -1
198 228 -1
199 228 -1
227 228 -1
228 228 8
229 228 -1
257 228 -1
258 228 -1
259 228 -1
198 229 -1
199 229 -1
200 229 -1
228 229 -1
229 229 8
230 229 -1
258 229 -1
259 229 -1
260 229 -1
199 230 -1
200 230 -1
201 230 -1
229 230 -1
230 230 8
231 230 -1
259 230 -1
260 230 -1
261 230 -1
200 231 -1
201 231 -1
202 231 -1
230 231 -1
231 231 8
232 231 -1
260 231 -1
261 231 -1
262 231 -1
201 232 -1
202 232 -1
203 232 -1
231 232 -1
232 232 8
233 232 -1
261 232 -1
262 232 -1
263 232 -1
202 233 -1
203 233 -1
204 233 -1
232 233 -1
233 233 8
234 233 -1
262 233 -1
263 233 -1
264 233 -1
203 234 -1
204 234 -1
205 234 -1
233 234 -1
234 234 8
235 234 -1
263 234 -1
264 234 -1
265 234 -1
204 235 -1
205 235 -1
206 235 -1
234 235 -1
235 235 8
236 235 -1
264 235 -1
265 235 -1
266 235 -1
205 236 -1
206 236 -1
207 236 -1
235 236 -1
236 236 8
237 236 -1
265 236 -1
266 236 -1
267 236 -1
206 237 -1
207 237 -1
208 237 -1
236 237 -1
237 237 8
238 237 -1
266 237 -1
267 237 -1
268 237 -1
207 238 -1
208 238 -1
209 238 -1
237 238 -1
238 238 8
239 238 -1
267 238 -1
268 238 -1
269 238 -1
208 239 -1
209 239 -1
210 239 -1
238 239 -1
239 239 8
240 239 -1
268 239 -1
269 239 -1
270 239 -1
209 240 -1
210 240 -1
239 240 -1
240 240 8
269 240 -1
270 240 -1
211 241 -1
212 241 -1
241 241 8
242 241 -1
271 241 -1
272 241 -1
211 242 -1
212 242 -1
213 242 -1
241 242 -1
242 242 8
243 242 -1
271 242 -1
272 242 -1
273 242 -1
212 243 -1
213 243 -1
214 243 -1
242 243 -1
243 243 8
244 243 -1
272 243 -1
273 243 -1
274 243 -1
213 244 -1
214 244 -1
215 244 -1
243 244 -1
244 244 8
245 244 -1
273 244 -1
274 244 -1
275 244 -1
214 245 -1
215 245 -1
216 245 -1
244 245 -1
245 245 8
246 245 -1
274 245 -1
275 245 -1
276 245 -1
215 246 -1
216 246 -1
217 246 -1
245 246 -1
246 246 8
247 246 -1
275 246 -1
276 246 -1
277 246 -1
216 247 -1
217 247 -1
218 247 -1
246 247 -1
247 247 8
248 247 -1
276 247 -1
277 247 -1
278 247 -1
217 248 -1
218 248 -1
219 248 -1
247 248 -1
248 248 8
249 248 -1
277 248 -1
278 248 -1
279 248 -1
218 249 -1
219 249 -1
220 249 -1
248 249 -1
249 249 8
250 249 -1
278 249 -1
279 249 -1
280 249 -1
219 250 -1
220 250 -1
221 250 -1
249 250 -1
250 250 8
251 250 -1
279 250 -1
280 250 -1
281 250 -1
220 251 -1
221 251 -1
222 251 -1
250 251 -1
251 251 8
252 251 -1
280 251 -1
281 251 -1
282 251 -1
221 252 -1
222 252 -1
223 252 -1
251 252 -1
252 252 8
253 252 -1
281 252 -1
282 252 -1
283 252 -1
222 253 -1
223 253 -1
224 253 -1
252 253 -1
253 253 8
254 253 -1
282 253 -1
283 253 -1
284 253 -1
223 254 -1
224 254 -1
225 254 -1
253 254 -1
254 254 8
255 254 -1
283 254 -1
284 254 -1
285 254 -1
224 255 -1
225 255 -1
226 255 -1
254 255 -1
255 255 8
256 255 -1
284 255 -1
285 255 -1
286 255 -1
225 256 -1
226 256 -1
227 256 -1
255 256 -1
256 256 8
257 256 -1
285 256 -1
286 256 -1
287 256 -1
226 257 -1
227 257 -1
228 257 -1
256 257 -1
257 257 8
258 257 -1
286 257 -1
287 257 -1
288 257 -1
227 258 -1
228 258 -1
229 258 -1
257 258 -1
258 258 8
259 258 -1
287 258 -1
288 258 -1
289 258 -1
228 259 -1
229 259 -1
230 259 -1
258 259 -1
259 259 8
260 259 -1
288 259 -1
289 259 -1
290 259 -1
229 260 -1
230 260 -1
231 260 -1
259 260 -1
260 260 8
261 260 -1
289 260 -1
290 260 -1
291 260 -1
230 261 -1
231 261 -1
232 261 -1
260 261 -1
261 261 8
262 261 -1
290 261 -1
291 261 -1
292 261 -1
231 262 -1
232 262 -1
233 262 -1
261 262 -1
262 262 8
263 262 -1
291 262 -1
292 262 -1
293 262 -1
232 263 -1
233 263 -1
234 263 -1
262 263 -1
263 263 8
264 263 -1
292 263 -1
293 263 -1
294 263 -1
233 264 -1
234 264 -1
235 264 -1
263 264 -1
264 264 8
265 264 -1
293 264 -1
294 264 -1
295 264 -1
234 265 -1
235 265 -1
236 265 -1
264 265 -1
265 265 8
266 265 -1
294 265 -1
295 265 -1
296 265 -1
235 266 -1
236 266 -1
237 266 -1
265 266 -1
266 266 8
267 266 -1
295 266 -1
296 266 -1
297 266 -1
236 267 -1
237 267 -1
238 267 -1
266 267 -1
267 267 8
268 267 -1
296 267 -1
297 267 -1
298 267 -1
237 268 -1
238 268 -1
239 268 -1
267 268 -1
268 268 8
269 268 -1
297 268 -1
298 268 -1
299 268 -1
238 269 -1
239 269 -1
240 269 -1
268 269 -1
269 269 8
270 269 -1
298 269 -1
299 269 -1
300 269 -1
239 270 -1
240 270 -1
269 270 -1
270 270 8
299 270 -1
300 270 -1
241 271 -1
242 271 -1
271 271 8
272 271 -1
301 271 -1
302 271 -1
241 272 -1
242 272 -1
243 272 -1
271 272 -1
272 272 8
273 272 -1
301 272 -1
302 272 -1
303 272 -1
242 273 -1
243 273 -1
244 273 -1
272 273 -1
273 273 8
274 273 -1
302 273 -1
303 273 -1
304 273 -1
243 274 -1
244 274 -1
245 274 -1
273 274 -1
274 274 8
275 274 -1
303 274 -1
304 274 -1
305 274 -1
244 275 -1
245 275 -1
246 275 -1
274 275 -1
275 275 8
276 275 -1
304 275 -1
305 275 -1
306 275 -1
245 276 -1
246 276 -1
247 276 -1
275 276 -1
276 276 8
277 276 -1
305 276 -1
306 276 -1
307 276 -1
246 277 -1
247 277 -1
248 277 -1
276 277 -1
277 277 8
278 277 -1
306 277 -1
307 277 -1
308 277 -1
247 278 -1
248 278 -1
249 278 -1
277 278 -1
278 278 8
279 278 -1
307 278 -1
308 278 -1
309 278 -1
248 279 -1
249 279 -1
250 279 -1
278 279 -1
279 279 8
280 279 -1
308 279 -1
309 279 -1
310 279 -1
249 280 -1
250 280 -1
251 280 -1
279 280 -1
280 280 8
281 280 -1
309 280 -1
310 280 -1
311 280 -1
250 281 -1
251 281 -1
252 281 -1
280 281 -1
281 281 8
282 281 -1
310 281 -1
311 281 -1
312 281 -1
251 282 -1
252 282 -1
253 282 -1
281 282 -1
282 282 8
283 282 -1
311 282 -1
312 282 -1
313 282 -1
252 283 -1
253 283 -1
254 283 -1
282 283 -1
283 283 8
284 283 -1
312 283 -1
313 283 -1
314 283 -1
253 284 -1
254 284 -1
255 284 -1
283 284 -1
284 284 8
285 284 -1
313 284 -1
314 284 -1
315 284 -1
254 285 -1
255 285 -1
256 285 -1
284 285 -1
285 285 8
286 285 -1
314 285 -1
315 285 -1
316 285 -1
255 286 -1
256 286 -1
257 286 -1
285 286 -1
286 286 8
287 286 -1
315 286 -1
316 286 -1
317 286 -1
256 287 -1
257 287 -1
258 287 -1
286 287 -1
287 287 8
288 287 -1
316 287 -1
317 287 -1
318 287 -1
257 288 -1
258 288 -1
259 288 -1
287 288 -1
288 288 8
289 288 -1
317 288 -1
318 288 -1
319 288 -1
258 289 -1
259 289 -1
260 289 -1
288 289 -1
289 289 8
290 289 -1
318 289 -1
319 289 -1
320 289 -1
259 290 -1
260 290 -1
261 290 -1
289 290 -1
290 290 8
291 290 -1
319 290 -1
320 290 -1
321 290 -1
260 291 -1
261 291 -1
262 291 -1
290 291 -1
291 291 8
292 291 -1
320 291 -1
321 291 -1
322 291 -1
261 292 -1
262 292 -1
263 292 -1
291 292 -1
292 292 8
293 292 -1
321 292 -1
322 292 -1
323 292 -1
262 293 -1
263 293 -1
264 293 -1
292 293 -1
293 293 8
294 293 -1
322 293 -1
323 293 -1
324 293 -1
263 294 -1
264 294 -1
265 294 -1
293 294 -1
294 294 8
295 294 -1
323 294 -1
324 294 -1
325 294 -1
264 295 -1
265 295 -1
266 295 -1
294 295 -1
295 295 8
296 295 -1
324 295 -1
325 295 -1
326 295 -1
265 296 -1
266 296 -1
267 296 -1
295 296 -1
296 296 8
297 296 -1
325 296 -1
326 296 -1
327 296 -1
266 297 -1
267 297 -1
268 297 -1
296 297 -1
297 297 8
298 297 -1
326 297 -1
327 297 -1
328 297 -1
267 298 -1
268 298 -1
269 298 -1
297 298 -1
298 298 8
299 298 -1
327 298 -1
328 298 -1
329 298 -1
268 299 -1
269 299 -1
270 299 -1
298 299 -1
299 299 8
300 299 -1
328 299 -1
329 299 -1
330 299 -1
269 300 -1
270 300 -1
299 300 -1
300 300 8
329 300 -1
330 300 -1
271 301 -1
272 301 -1
301 301 8
302 301 -1
331 301 -1
332 301 -1
271 302 -1
272 302 -1
273 302 -1
301 302 -1
302 302 8
303 302 -1
331 302 -1
332 302 -1
333 302 -1
272 303 -1
273 303 -1
274 303 -1
302 303 -1
303 303 8
304 303 -1
332 303 -1
333 303 -1
334 303 -1
273 304 -1
274 304 -1
275 304 -1
303 304 -1
304 304 8
305 304 -1
333 304 -1
334 304 -1
335 304 -1
274 305 -1
275 305 -1
276 305 -1
304 305 -1
305 305 8
306 305 -1
334 305 -1
335 305 -1
336 305 -1
275 306 -1
276 306 -1
277 306 -1
305 306 -1
306 306 8
307 306 -1
335 306 -1
336 306 -1
337 306 -1
276 307 -1
277 307 -1
278 307 -1
306 307 -1
307 307 8
308 307 -1
336 307 -1
337 307 -1
338 307 -1
277 308 -1
278 308 -1
279 308 -1
307 308 -1
308 308 8
309 308 -1
337 308 -1
338 308 -1
339 308 -1
278 309 -1
279 309 -1
280 309 -1
308 309 -1
309 309 8
310 309 -1
338 309 -1
339 309 -1
340 309 -1
279 310 -1
280 310 -1
281 310 -1
309 310 -1
310 310 8
311 310 -1
339 310 -1
340 310 -1
341 310 -1
280 311 -1
281 311 -1
282 311 -1
310 311 -1
311 311 8
312 311 -1
340 311 -1
341 311 -1
342 311 -1
281 312 -1
282 312 -1
283 312 -1
311 312 -1
312 312 8
313 312 -1
341 312 -1
342 312 -1
343 312 -1
282 313 -1
283 313 -1
284 313 -1
312 313 -1
313 313 8
314 313 -1
342 313 -1
343 313 -1
344 313 -1
283 314 -1
284 314 -1
285 314 -1
313 314 -1
314 314 8
315 314 -1
343 314 -1
344 314 -1
345 314 -1
284 315 -1
285 315 -1
286 315 -1
314 315 -1
315 315 8
316 315 -1
344 315 -1
345 315 -1
346 315 -1
285 316 -1
286 316 -1
287 316 -1
315 316 -1
316 316 8
317 316 -1
345 316 -1
346 316 -1
347 316 -1
286 317 -1
287 317 -1
288 317 -1
316 317 -1
317 317 8
318 317 -1
346 317 -1
347 317 -1
348 317 -1
287 318 -1
288 318 -1
289 318 -1
317 318 -1
318 318 8
319 318 -1
347 318 -1
348 318 -1
349 318 -1
288 319 -1
289 319 -1
290 319 -1
318 319 -1
319 319 8
320 319 -1
348 319 -1
349 319 -1
350 319 -1
289 320 -1
290 320 -1
291 320 -1
319 320 -1
320 320 8
321 320 -1
349 320 -1
350 320 -1
351 320 -1
290 321 -1
291 321 -1
292 321 -1
320 321 -1
321 321 8
322 321 -1
350 321 -1
351 321 -1
352 321 -1
291 322 -1
292 322 -1
293 322 -1
321 322 -1
322 322 8
323 322 -1
351 322 -1
352 322 -1
353 322 -1
292 323 -1
293 323 -1
294 323 -1
322 323 -1
323 323 8
324 323 -1
352 323 -1
353 323 -1
354 323 -1
293 324 -1
294 324 -1
295 324 -1
323 324 -1
324 324 8
325 324 -1
353 324 -1
354 324 -1
355 324 -1
294 325 -1
295 325 -1
296 325 -1
324 325 -1
325 325 8
326 325 -1
354 325 -1
355 325 -1
356 325 -1
295 326 -1
296 326 -1
297 326 -1
325 326 -1
326 326 8
327 326 -1
355 326 -1
356 326 -1
357 326 -1
296 327 -1
297 327 -1
298 327 -1
326 327 -1
327 327 8
328 327 -1
356 327 -1
357 327 -1
358 327 -1
297 328 -1
298 328 -1
299 328 -1
327 328 -1
328 328 8
329 328 -1
357 328 -1
358 328 -1
359 328 -1
298 329 -1
299 329 -1
300 329 -1
328 329 -1
329 329 8
330 329 -1
358 329 -1
359 329 -1
360 329 -1
299 330 -1
300 330 -1
329 330 -1
330 330 8
359 330 -1
360 330 -1
301 331 -1
302 331 -1
331 331 8
332 331 -1
361 331 -1
362 331 -1
301 332 -1
302 332 -1
303 332 -1
331 332 -1
332 332 8
333 332 -1
361 332 -1
362 332 -1
363 332 -1
302 333 -1
303 333 -1
304 333 -1
332 333 -1
333 333 8
334 333 -1
362 333 -1
363 333 -1
364 333 -1
303 334 -1
304 334 -1
305 334 -1
333 334 -1
334 334 8
335 334 -1
363 334 -1
364 334 -1
365 334 -1
304 335 -1
305 335 -1
306 335 -1
334 335 -1
335 335 8
336 335 -1
364 335 -1
365 335 -1
366 335 -1
305 336 -1
306 336 -1
307 336 -1
335 336 -1
336 336 8
337 336 -1
365 336 -1
366 336 -1
367 336 -1
306 337 -1
307 337 -1
308 337 -1
336 337 -1
337 337 8
338 337 -1
366 337 -1
367 337 -1
368 337 -1
307 338 -1
308 338 -1
309 338 -1
337 338 -1
338 338 8
339 338 -1
367 338 -1
368 338 -1
369 338 -1
308 339 -1
309 339 -1
310 339 -1
338 339 -1
339 339 8
340 339 -1
368 339 -1
369 339 -1
370 339 -1
309 340 -1
310 340 -1
311 340 -1
339 340 -1
340 340 8
341 340 -1
369 340 -1
370 340 -1
371 340 -1
310 341 -1
311 341 -1
312 341 -1
340 341 -1
341 341 8
342 341 -1
370 341 -1
371 341 -1
372 341 -1
311 342 -1
312 342 -1
313 342 -1
341 342 -1
342 342 8
343 342 -1
371 342 -1
372 342 -1
373 342 -1
312 343 -1
313 343 -1
314 343 -1
342 343 -1
343 343 8
344 343 -1
372 343 -1
373 343 -1
374 343 -1
313 344 -1
314 344 -1
315 344 -1
343 344 -1
344 344 8
345 344 -1
373 344 -1
374 344 -1
375 344 -1
314 345 -1
315 345 -1
316 345 -1
344 345 -1
345 345 8
346 345 -1
374 345 -1
375 345 -1
376 345 -1
315 346 -1
316 346 -1
317 346 -1
345 346 -1
346 346 8
347 346 -1
375 346 -1
376 346 -1
377 346 -1
316 347 -1
317 347 -1
318 347 -1
346 347 -1
347 347 8
348 347 -1
376 347 -1
377 347 -1
378 347 -1
317 348 -1
318 348 -1
319 348 -1
347 348 -1
348 348 8
349 348 -1
377 348 -1
378 348 -1
379 348 -1
318 349 -1
319 349 -1
320 349 -1
348 349 -1
349 349 8
350 349 -1
378 349 -1
379 349 -1
380 349 -1
319 350 -1
320 350 -1
321 350 -1
349 350 -1
350 350 8
351 350 -1
379 350 -1
380 350 -1
381 350 -1
320 351 -1
321 351 -1
322 351 -1
350 351 -1
351 351 8
352 351 -1
380 351 -1
381 351 -1
382 351 -1
321 352 -1
322 352 -1
323 352 -1
351 352 -1
352 352 8
353 352 -1
381 352 -1
382 352 -1
383 352 -1
322 353 -1
323 353 -1
324 353 -1
352 353 -1
353 353 8
354 353 -1
382 353 -1
383 353 -1
384 353 -1
323 354 -1
324 354 -1
325 354 -1
353 354 -1
354 354 8
355 354 -1
383 354 -1
384 354 -1
385 354 -1
324 355 -1
325 355 -1
326 355 -1
354 355 -1
355 355 8
356 355 -1
384 355 -1
385 355 -1
386 355 -1
325 356 -1
326 356 -1
327 356 -1
355 356 -1
356 356 8
357 356 -1
385 356 -1
386 356 -1
387 356 -1
326 357 -1
327 357 -1
328 357 -1
356 357 -1
357 357 8
358 357 -1
386 357 -1
387 357 -1
388 357 -1
327 358 -1
328 358 -1
329 358 -1
357 358 -1
358 358 8
359 358 -1
387 358 -1
388 358 -1
389 358 -1
328 359 -1
329 359 -1
330 359 -1
358 359 -1
359 359 8
360 359 -1
388 359 -1
389 359 -1
390 359 -1
329 360 -1
330 360 -1
359 360 -1
360 360 8
389 360 -1
390 360 -1
331 361 -1
332 361 -1
361 361 8
362 361 -1
391 361 -1
392 361 -1
331 362 -1
332 362 -1
333 362 -1
361 362 -1
362 362 8
363 362 -1
391 362 -1
392 362 -1
393 362 -1
332 363 -1
333 363 -1
334 363 -1
362 363 -1
363 363 8
364 363 -1
392 363 -1
393 363 -1
394 363 -1
333 364 -1
334 364 -1
335 364 -1
363 364 -1
364 364 8
365 364 -1
393 364 -1
394 364 -1
395 364 -1
334 365 -1
335 365 -1
336 365 -1
364 365 -1
365 365 8
366 365 -1
394 365 -1
395 365 -1
396 365 -1
335 366 -1
336 366 -1
337 366 -1
365 366 -1
366 366 8
367 366 -1
395 366 -1
396 366 -1
397 366 -1
336 367 -1
337 367 -1
338 367 -1
366 367 -1
367 367 8
368 367 -1
396 367 -1
397 367 -1
398 367 -1
337 368 -1
338 368 -1
339 368 -1
367 368 -1
368 368 8
369 368 -1
397 368 -1
398 368 -1
399 368 -1
338 369 -1
339 369 -1
340 369 -1
368 369 -1
369 369 8
370 369 -1
398 369 -1
399 369 -1
400 369 -1
339 370 -1
340 370 -1
341 370 -1
369 370 -1
370 370 8
371 370 -1
399 370 -1
400 370 -1
401 370 -1
340 371 -1
341 371 -1
342 371 -1
370 371 -1
371 371 8
372 371 -1
400 371 -1
401 371 -1
402 371 -1
341 372 -1
342 372 -1
343 372 -1
371 372 -1
372 372 8
373 372 -1
401 372 -1
402 372 -1
403 372 -1
342 373 -1
343 373 -1
344 373 -1
372 373 -1
373 373 8
374 373 -1
402 373 -1
403 373 -1
404 373 -1
343 374 -1
344 374 -1
345 374 -1
373 374 -1
374 374 8
375 374 -1
403 374 -1
404 374 -1
405 374 -1
344 375 -1
345 375 -1
346 375 -1
374 375 -1
375 375 8
376 375 -1
404 375 -1
405 375 -1
406 375 -1
345 376 -1
346 376 -1
347 376 -1
375 376 -1
376 376 8
377 376 -1
405 376 -1
406 376 -1
407 376 -1
346 377 -1
347 377 -1
348 377 -1
376 377 -1
377 377 8
378 377 -1
406 377 -1
407 377 -1
408 377 -1
347 378 -1
348 378 -1
349 378 -1
377 378 -1
378 378 8
379 378 -1
407 378 -1
408 378 -1
409 378 -1
348 379 -1
349 379 -1
350 379 -1
378 379 -1
379 379 8
380 379 -1
408 379 -1
409 379 -1
410 379 -1
349 380 -1
350 380 -1
351 380 -1
379 380 -1
380 380 8
381 380 -1
409 380 -1
410 380 -1
411 380 -1
350 381 -1
351 381 -1
352 381 -1
380 381 -1
381 381 8
382 381 -1
410 381 -1
411 381 -1
412 381 -1
351 382 -1
352 382 -1
353 382 -1
381 382 -1
382 382 8
383 382 -1
411 382 -1
412 382 -1
413 382 -1
352 383 -1
353 383 -1
354 383 -1
382 383 -1
383 383 8
384 383 -1
412 383 -1
413 383 -1
414 383 -1
353 384 -1
354 384 -1
355 384 -1
383 384 -1
384 384 8
385 384 -1
413 384 -1
414 384 -1
415 384 -1
354 385 -1
355 385 -1
356 385 -1
384 385 -1
385 385 8
386 385 -1
414 385 -1
415 385 -1
416 385 -1
355 386 -1
356 386 -1
357 386 -1
385 386 -1
386 386 8
387 386 -1
415 386 -1
416 386 -1
417 386 -1
356 387 -1
357 387 -1
358 387 -1
386 387 -1
387 387 8
388 387 -1
416 387 -1
417 387 -1
418 387 -1
357 388 -1
358 388 -1
359 388 -1
387 388 -1
388 388 8
389 388 -1
417 388 -1
418 388 -1
419 388 -1
358 389 -1
359 389 -1
360 389 -1
388 389 -1
389 389 8
390 389 -1
418 389 -1
419 389 -1
420 389 -1
359 390 -1
360 390 -1
389 390 -1
390 390 8
419 390 -1
420 390 -1
361 391 -1
362 391 -1
391 391 8
392 391 -1
421 391 -1
422 391 -1
361 392 -1
362 392 -1
363 392 -1
391 392 -1
392 392 8
393 392 -1
421 392 -1
422 392 -1
423 392 -1
362 393 -1
363 393 -1
364 393 -1
392 393 -1
393 393 8
394 393 -1
422 393 -1
423 393 -1
424 393 -1
363 394 -1
364 394 -1
365 394 -1
393 394 -1
394 394 8
395 394 -1
423 394 -1
424 394 -1
425 394 -1
364 395 -1
365 395 -1
366 395 -1
394 395 -1
395 395 8
396 395 -1
424 395 -1
425 395 -1
426 395 -1
365 396 -1
366 396 -1
367 396 -1
395 396 -1
396 396 8
397 396 -1
425 396 -1
426 396 -1
427 396 -1
366 397 -1
367 397 -1
368 397 -1
396 397 -1
397 397 8
398 397 -1
426 397 -1
427 397 -1
428 397 -1
367 398 -1
368 398 -1
369 398 -1
397 398 -1
398 398 8
399 398 -1
427 398 -1
428 398 -1
429 398 -1
368 399 -1
369 399 -1
370 399 -1
398 399 -1
399 399 8
400 399 -1
428 399 -1
429 399 -1
430 399 -1
369 400 -1
370 400 -1
371 400 -1
399 400 -1
400 400 8
401 400 -1
429 400 -1
430 400 -1
431 400 -1
370 401 -1
371 401 -1
372 401 -1
400 401 -1
401 401 8
402 401 -1
430 401 -1
431 401 -1
432 401 -1
371 402 -1
372 402 -1
373 402 -1
401 402 -1
402 402 8
403 402 -1
431 402 -1
432 402 -1
433 402 -1
372 403 -1
373 403 -1
374 403 -1
402 403 -1
403 403 8
404 403 -1
432 403 -1
433 403 -1
434 403 -1
373 404 -1
374 404 -1
375 404 -1
403 404 -1
404 404 8
405 404 -1
433 404 -1
434 404 -1
435 404 -1
374 405 -1
375 405 -1
376 405 -1
404 405 -1
405 405 8
406 405 -1
434 405 -1
435 405 -1
436 405 -1
375 406 -1
376 406 -1
377 406 -1
405 406 -1
406 406 8
407 406 -1
435 406 -1
436 406 -1
437 406 -1
376 407 -1
377 407 -1
378 407 -1
406 407 -1
407 407 8
408 407 -1
436 407 -1
437 407 -1
438 407 -1
377 408 -1
378 408 -1
379 408 -1
407 408 -1
408 408 8
409 408 -1
437 408 -1
438 408 -1
439 408 -1
378 409 -1
379 409 -1
380 409 -1
408 409 -1
409 409 8
410 409 -1
438 409 -1
439 409 -1
440 409 -1
379 410 -1
380 410 -1
381 410 -1
409 410 -1
410 410 8
411 410 -1
439 410 -1
440 410 -1
441 410 -1
380 411 -1
381 411 -1
382 411 -1
410 411 -1
411 411 8
412 411 -1
440 411 -1
441 411 -1
442 411 -1
381 412 -1
382 412 -1
383 412 -1
411 412 -1
412 412 8
413 412 -1
441 412 -1
442 412 -1
443 412 -1
382 413 -1
383 413 -1
384 413 -1
412 413 -1
413 413 8
414 413 -1
442 413 -1
443 413 -1
444 413 -1
383 414 -1
384 414 -1
385 414 -1
413 414 -1
414 414 8
415 414 -1
443 414 -1
444 414 -1
445 414 -1
384 415 -1
385 415 -1
386 415 -1
414 415 -1
415 415 8
416 415 -1
444 415 -1
445 415 -1
446 415 -1
385 416 -1
386 416 -1
387 416 -1
415 416 -1
416 416 8
417 416 -1
445 416 -1
446 416 -1
447 416 -1
386 417 -1
387 417 -1
388 417 -1
416 417 -1
417 417 8
418 417 -1
446 417 -1
447 417 -1
448 417 -1
387 418 -1
388 418 -1
389 418 -1
417 418 -1
418 418 8
419 418 -1
447 418 -1
448 418 -1
449 418 -1
388 419 -1
389 419 -1
390 419 -1
418 419 -1
419 419 8
420 419 -1
448 419 -1
449 419 -1
450 419 -1
389 420 -1
390 420 -1
419 420 -1
420 420 8
449 420 -1
450 420 -1
391 421 -1
392 421 -1
421 421 8
422 421 -1
451 421 -1
452 421 -1
391 422 -1
392 422 -1
393 422 -1
421 422 -1
422 422 8
423 422 -1
451 422 -1
452 422 -1
453 422 -1
392 423 -1
393 423 -1
394 423 -1
422 423 -1
423 423 8
424 423 -1
452 423 -1
453 423 -1
454 423 -1
393 424 -1
394 424 -1
395 424 -1
423 424 -1
424 424 8
425 424 -1
453 424 -1
454 424 -1
455 424 -1
394 425 -1
395 425 -1
396 425 -1
424 425 -1
425 425 8
426 425 -1
454 425 -1
455 425 -1
456 425 -1
395 426 -1
396 426 -1
397 426 -1
425 426 -1
426 426 8
427 426 -1
455 426 -1
456 426 -1
457 426 -1
396 427 -1
397 427 -1
398 427 -1
426 427 -1
427 427 8
428 427 -1
456 427 -1
457 427 -1
458 427 -1
397 428 -1
398 428 -1
399 428 -1
427 428 -1
428 428 8
429 428 -1
457 428 -1
458 428 -1
459 428 -1
398 429 -1
399 429 -1
400 429 -1
428 429 -1
429 429 8
430 429 -1
458 429 -1
459 429 -1
460 429 -1
399 430 -1
400 430 -1
401 430 -1
429 430 -1
430 430 8
431 430 -1
459 430 -1
460 430 -1
461 430 -1
400 431 -1
401 431 -1
402 431 -1
430 431 -1
431 431 8
432 431 -1
460 431 -1
461 431 -1
462 431 -1
401 432 -1
402 432 -1
403 432 -1
431 432 -1
432 432 8
433 432 -1
461 432 -1
462 432 -1
463 432 -1
402 433 -1
403 433 -1
404 433 -1
432 433 -1
433 433 8
434 433 -1
462 433 -1
463 433 -1
464 433 -1
403 434 -1
404 434 -1
405 434 -1
433 434 -1
434 434 8
435 434 -1
463 434 -1
464 434 -1
465 434 -1
404 435 -1
405 435 -1
406 435 -1
434 435 -1
435 435 8
436 435 -1
464 435 -1
465 435 -1
466 435 -1
405 436 -1
406 436 -1
407 436 -1
435 436 -1
436 436 8
437 436 -1
465 436 -1
466 436 -1
467 436 -1
406 437 -1
407 437 -1
408 437 -1
436 437 -1
437 437 8
438 437 -1
466 437 -1
467 437 -1
468 437 -1
407 438 -1
408 438 -1
409 438 -1
437 438 -1
438 438 8
439 438 -1
467 438 -1
468 438 -1
469 438 -1
408 439 -1
409 439 -1
410 439 -1
438 439 -1
439 439 8
440 439 -1
468 439 -1
469 439 -1
470 439 -1
409 440 -1
410 440 -1
411 440 -1
439 440 -1
440 440 8
441 440 -1
469 440 -1
470 440 -1
471 440 -1
410 441 -1
411 441 -1
412 441 -1
440 441 -1
441 441 8
442 441 -1
470 441 -1
471 441 -1
472 441 -1
411 442 -1
412 442 -1
413 442 -1
441 442 -1
442 442 8
443 442 -1
471 442 -1
472 442 -1
473 442 -1
412 443 -1
413 443 -1
414 443 -1
442 443 -1
443 443 8
444 443 -1
472 443 -1
473 443 -1
474 443 -1
413 444 -1
414 444 -1
415 444 -1
443 444 -1
444 444 8
445 444 -1
473 444 -1
474 444 -1
475 444 -1
414 445 -1
415 445 -1
416 445 -1
444 445 -1
445 445 8
446 445 -1
474 445 -1
475 445 -1
476 445 -1
415 446 -1
416 446 -1
417 446 -1
445 446 -1
446 446 8
447 446 -1
475 446 -1
476 446 -1
477 446 -1
416 447 -1
417 447 -1
418 447 -1
446 447 -1
447 447 8
448 447 -1
476 447 -1
477 447 -1
478 447 -1
417 448 -1
418 448 -1
419 448 -1
447 448 -1
448 448 8
449 448 -1
477 448 -1
478 448 -1
479 448 -1
418 449 -1
419 449 -1
420 449 -1
448 449 -1
449 449 8
450 449 -1
478 449 -1
479 449 -1
480 449 -1
419 450 -1
420 450 -1
449 450 -1
450 450 8
479 450 -1
480 450 -1
421 451 -1
422 451 -1
451 451 8
452 451 -1
481 451 -1
482 451 -1
421 452 -1
422 452 -1
423 452 -1
451 452 -1
452 452 8
453 452 -1
481 452 -1
482 452 -1
483 452 -1
422 453 -1
423 453 -1
424 453 -1
452 453 -1
453 453 8
454 453 -1
482 453 -1
483 453 -1
484 453 -1
423 454 -1
424 454 -1
425 454 -1
453 454 -1
454 454 8
455 454 -1
483 454 -1
484 454 -1
485 454 -1
424 455 -1
425 455 -1
426 455 -1
454 455 -1
455 455 8
456 455 -1
484 455 -1
485 455 -1
486 455 -1
425 456 -1
426 456 -1
427 456 -1
455 456 -1
456 456 8
457 456 -1
485 456 -1
486 456 -1
487 456 -1
426 457 -1
427 457 -1
428 457 -1
456 457 -1
457 457 8
458 457 -1
486 457 -1
487 457 -1
488 457 -1
427 458 -1
428 458 -1
429 458 -1
457 458 -1
458 458 8
459 458 -1
487 458 -1
488 458 -1
489 458 -1
428 459 -1
429 459 -1
430 459 -1
458 459 -1
459 459 8
460 459 -1
488 459 -1
489 459 -1
490 459 -1
429 460 -1
430 460 -1
431 460 -1
459 460 -1
460 460 8
461 460 -1
489 460 -1
490 460 -1
491 460 -1
430 461 -1
431 461 -1
432 461 -1
460 461 -1
461 461 8
462 461 -1
490 461 -1
491 461 -1
492 461 -1
431 462 -1
432 462 -1
433 462 -1
461 462 -1
462 462 8
463 462 -1
491 462 -1
492 462 -1
493 462 -1
432 463 -1
433 463 -1
434 463 -1
462 463 -1
463 463 8
464 463 -1
492 463 -1
493 463 -1
494 463 -1
433 464 -1
434 464 -1
435 464 -1
463 464 -1
464 464 8
465 464 -1
493 464 -1
494 464 -1
495 464 -1
434 465 -1
435 465 -1
436 465 -1
464 465 -1
465 465 8
466 465 -1
494 465 -1
495 465 -1
496 465 -1
435 466 -1
436 466 -1
437 466 -1
465 466 -1
466 466 8
467 466 -1
495 466 -1
496 466 -1
497 466 -1
436 467 -1
437 467 -1
438 467 -1
466 467 -1
467 467 8
468 467 -1
496 467 -1
497 467 -1
498 467 -1
437 468 -1
438 468 -1
439 468 -1
467 468 -1
468 468 8
469 468 -1
497 468 -1
498 468 -1
499 468 -1
438 469 -1
439 469 -1
440 469 -1
468 469 -1
469 469 8
470 469 -1
498 469 -1
499 469 -1
500 469 -1
439 470 -1
440 470 -1
441 470 -1
469 470 -1
470 470 8
471 470 -1
499 470 -1
500 470 -1
501 470 -1
440 471 -1
441 471 -1
442 471 -1
470 471 -1
471 471 8
472 471 -1
500 471 -1
501 471 -1
502 471 -1
441 472 -1
442 472 -1
443 472 -1
471 472 -1
472 472 8
473 472 -1
501 472 -1
502 472 -1
503 472 -1
442 473 -1
443 473 -1
444 473 -1
472 473 -1
473 473 8
474 473 -1
502 473 -1
503 473 -1
504 473 -1
443 474 -1
444 474 -1
445 474 -1
473 474 -1
474 474 8
475 474 -1
503 474 -1
504 474 -1
505 474 -1
444 475 -1
445 475 -1
446 475 -1
474 475 -1
475 475 8
476 475 -1
504 475 -1
505 475 -1
506 475 -1
445 476 -1
446 476 -1
447 476 -1
475 476 -1
476 476 8
477 476 -1
505 476 -1
506 476 -1
507 476 -1
446 477 -1
447 477 -1
448 477 -1
476 477 -1
477 477 8
478 477 -1
506 477 -1
507 477 -1
508 477 -1
447 478 -1
448 478 -1
449 478 -1
477 478 -1
478 478 8
479 478 -1
507 478 -1
508 478 -1
509 478 -1
448 479 -1
449 479 -1
450 479 -1
478 479 -1
479 479 8
480 479 -1
508 479 -1
509 479 -1
510 479 -1
449 480 -1
450 480 -1
479 480 -1
480 480 8
509 480 -1
510 480 -1
451 481 -1
452 481 -1
481 481 8
482 481 -1
511 481 -1
512 481 -1
451 482 -1
452 482 -1
453 482 -1
481 482 -1
482 482 8
483 482 -1
511 482 -1
512 482 -1
513 482 -1
452 483 -1
453 483 -1
454 483 -1
482 483 -1
483 483 8
484 483 -1
512 483 -1
513 483 -1
514 483 -1
453 484 -1
454 484 -1
455 484 -1
483 484 -1
484 484 8
485 484 -1
513 484 -1
514 484 -1
515 484 -1
454 485 -1
455 485 -1
456 485 -1
484 485 -1
485 485 8
486 485 -1
514 485 -1
515 485 -1
516 485 -1
455 486 -1
456 486 -1
457 486 -1
485 486 -1
486 486 8
487 486 -1
515 486 -1
516 486 -1
517 486 -1
456 487 -1
457 487 -1
458 487 -1
486 487 -1
487 487 8
488 487 -1
516 487 -1
517 487 -1
518 487 -1
457 488 -1
458 488 -1
459 488 -1
487 488 -1
488 488 8
489 488 -1
517 488 -1
518 488 -1
519 488 -1
458 489 -1
459 489 -1
460 489 -1
488 489 -1
489 489 8
490 489 -1
518 489 -1
519 489 -1
520 489 -1
459 490 -1
460 490 -1
461 490 -1
489 490 -1
490 490 8
491 490 -1
519 490 -1
520 490 -1
521 490 -1
460 491 -1
461 491 -1
462 491 -1
490 491 -1
491 491 8
492 491 -1
520 491 -1
521 491 -1
522 491 -1
461 492 -1
462 492 -1
463 492 -1
491 492 -1
492 492 8
493 492 -1
521 492 -1
522 492 -1
523 492 -1
462 493 -1
463 493 -1
464 493 -1
492 493 -1
493 493 8
494 493 -1
522 493 -1
523 493 -1
524 493 -1
463 494 -1
464 494 -1
465 494 -1
493 494 -1
494 494 8
495 494 -1
523 494 -1
524 494 -1
525 494 -1
464 495 -1
465 495 -1
466 495 -1
494 495 -1
495 495 8
496 495 -1
524 495 -1
525 495 -1
526 495 -1
465 496 -1
466 496 -1
467 496 -1
495 496 -1
496 496 8
497 496 -1
525 496 -1
526 496 -1
527 496 -1
466 497 -1
467 497 -1
468 497 -1
496 497 -1
497 497 8
498 497 -1
526 497 -1
527 497 -1
528 497 -1
467 498 -1
468 498 -1
469 498 -1
497 498 -1
498 498 8
499 498 -1
527 498 -1
528 498 -1
529 498 -1
468 499 -1
469 499 -1
470 499 -1
498 499 -1
499 499 8
500 499 -1
528 499 -1
529 499 -1
530 499 -1
469 500 -1
470 500 -1
471 500 -1
499 500 -1
500 500 8
501 500 -1
529 500 -1
530 500 -1
531 500 -1
470 501 -1
471 501 -1
472 501 -1
500 501 -1
501 501 8
502 501 -1
530 501 -1
531 501 -1
532 501 -1
471 502 -1
472 502 -1
473 502 -1
501 502 -1
502 502 8
503 502 -1
531 502 -1
532 502 -1
533 502 -1
472 503 -1
473 503 -1
474 503 -1
502 503 -1
503 503 8
504 503 -1
532 503 -1
533 503 -1
534 503 -1
473 504 -1
474 504 -1
475 504 -1
503 504 -1
504 504 8
505 504 -1
533 504 -1
534 504 -1
535 504 -1
474 505 -1
475 505 -1
476 505 -1
504 505 -1
505 505 8
506 505 -1
534 505 -1
535 505 -1
536 505 -1
475 506 -1
476 506 -1
477 506 -1
505 506 -1
506 506 8
507 506 -1
535 506 -1
536 506 -1
537 506 -1
476 507 -1
477 507 -1
478 507 -1
506 507 -1
507 507 8
508 507 -1
536 507 -1
537 507 -1
538 507 -1
477 508 -1
478 508 -1
479 508 -1
507 508 -1
508 508 8
509 508 -1
537 508 -1
538 508 -1
539 508 -1
478 509 -1
479 509 -1
480 509 -1
508 509 -1
509 509 8
510 509 -1
538 509 -1
539 509 -1
540 509 -1
479 510 -1
480 510 -1
509 510 -1
510 510 8
539 510 -1
540 510 -1
481 511 -1
482 511 -1
511 511 8
512 511 -1
541 511 -1
542 511 -1
481 512 -1
482 512 -1
483 512 -1
511 512 -1
512 512 8
513 512 -1
541 512 -1
542 512 -1
543 512 -1
482 513 -1
483 513 -1
484 513 -1
512 513 -1
513 513 8
514 513 -1
542 513 -1
543 513 -1
544 513 -1
483 514 -1
484 514 -1
485 514 -1
513 514 -1
514 514 8
515 514 -1
543 514 -1
544 514 -1
545 514 -1
484 515 -1
485 515 -1
486 515 -1
514 515 -1
515 515 8
516 515 -1
544 515 -1
545 515 -1
546 515 -1
485 516 -1
486 516 -1
487 516 -1
515 516 -1
516 516 8
517 516 -1
545 516 -1
546 516 -1
547 516 -1
486 517 -1
487 517 -1
488 517 -1
516 517 -1
517 517 8
518 517 -1
546 517 -1
547 517 -1
548 517 -1
487 518 -1
488 518 -1
489 518 -1
517 518 -1
518 518 8
519 518 -1
547 518 -1
548 518 -1
549 518 -1
488 519 -1
489 519 -1
490 519 -1
518 519 -1
519 519 8
520 519 -1
548 519 -1
549 519 -1
550 519 -1
489 520 -1
490 520 -1
491 520 -1
519 520 -1
520 520 8
521 520 -1
549 520 -1
550 520 -1
551 520 -1
490 521 -1
491 521 -1
492 521 -1
520 521 -1
521 521 8
522 521 -1
550 521 -1
551 521 -1
552 521 -1
491 522 -1
492 522 -1
493 522 -1
521 522 -1
522 522 8
523 522 -1
551 522 -1
552 522 -1
553 522 -1
492 523 -1
493 523 -1
494 523 -1
522 523 -1
523 523 8
524 523 -1
552 523 -1
553 523 -1
554 523 -1
493 524 -1
494 524 -1
495 524 -1
523 524 -1
524 524 8
525 524 -1
553 524 -1
554 524 -1
555 524 -1
494 525 -1
495 525 -1
496 525 -1
524 525 -1
525 525 8
526 525 -1
554 525 -1
555 525 -1
556 525 -1
495 526 -1
496 526 -1
497 526 -1
525 526 -1
526 526 8
527 526 -1
555 526 -1
556 526 -1
557 526 -1
496 527 -1
497 527 -1
498 527 -1
526 527 -1
527 527 8
528 527 -1
556 527 -1
557 527 -1
558 527 -1
497 528 -1
498 528 -1
499 528 -1
527 528 -1
528 528 8
529 528 -1
557 528 -1
558 528 -1
559 528 -1
498 529 -1
499 529 -1
500 529 -1
528 529 -1
529 529 8
530 529 -1
558 529 -1
559 529 -1
560 529 -1
499 530 -1
500 530 -1
501 530 -1
529 530 -1
530 530 8
531 530 -1
559 530 -1
560 530 -1
561 530 -1
500 531 -1
501 531 -1
502 531 -1
530 531 -1
531 531 8
532 531 -1
560 531 -1
561 531 -1
562 531 -1
501 532 -1
502 532 -1
503 532 -1
531 532 -1
532 532 8
533 532 -1
561 532 -1
562 532 -1
563 532 -1
502 533 -1
503 533 -1
504 533 -1
532 533 -1
533 533 8
534 533 -1
562 533 -1
563 533 -1
564 533 -1
503 534 -1
504 534 -1
505 534 -1
533 534 -1
534 534 8
535 534 -1
563 534 -1
564 534 -1
565 534 -1
504 535 -1
505 535 -1
506 535 -1
534 535 -1
535 535 8
536 535 -1
564 535 -1
565 535 -1
566 535 -1
505 536 -1
506 536 -1
507 536 -1
535 536 -1
536 536 8
537 536 -1
565 536 -1
566 536 -1
567 536 -1
506 537 -1
507 537 -1
508 537 -1
536 537 -1
537 537 8
538 537 -1
566 537 -1
567 537 -1
568 537 -1
507 538 -1
508 538 -1
509 538 -1
537 538 -1
538 538 8
539 538 -1
567 538 -1
568 538 -1
569 538 -1
508 539 -1
509 539 -1
510 539 -1
538 539 -1
539 539 8
540 539 -1
568 539 -1
569 539 -1
570 539 -1
509 540 -1
510 540 -1
539 540 -1
540 540 8
569 540 -1
570 540 -1
511 541 -1
512 541 -1
541 541 8
542 541 -1
571 541 -1
572 541 -1
511 542 -1
512 542 -1
513 542 -1
541 542 -1
542 542 8
543 542 -1
571 542 -1
572 542 -1
573 542 -1
512 543 -1
513 543 -1
514 543 -1
542 543 -1
543 543 8
544 543 -1
572 543 -1
573 543 -1
574 543 -1
513 544 -1
514 544 -1
515 544 -1
543 544 -1
544 544 8
545 544 -1
573 544 -1
574 544 -1
575 544 -1
514 545 -1
515 545 -1
516 545 -1
544 545 -1
545 545 8
546 545 -1
574 545 -1
575 545 -1
576 545 -1
515 546 -1
516 546 -1
517 546 -1
545 546 -1
546 546 8
547 546 -1
575 546 -1
576 546 -1
577 546 -1
516 547 -1
517 547 -1
518 547 -1
546 547 -1
547 547 8
548 547 -1
576 547 -1
577 547 -1
578 547 -1
517 548 -1
518 548 -1
519 548 -1
547 548 -1
548 548 8
549 548 -1
577 548 -1
578 548 -1
579 548 -1
518 549 -1
519 549 -1
520 549 -1
548 549 -1
549 549 8
550 549 -1
578 549 -1
579 549 -1
580 549 -1
519 550 -1
520 550 -1
521 550 -1
549 550 -1
550 550 8
551 550 -1
579 550 -1
580 550 -1
581 550 -1
520 551 -1
521 551 -1
522 551 -1
550 551 -1
551 551 8
552 551 -1
580 551 -1
581 551 -1
582 551 -1
521 552 -1
522 552 -1
523 552 -1
551 552 -1
552 552 8
553 552 -1
581 552 -1
582 552 -1
583 552 -1
522 553 -1
523 553 -1
524 553 -1
552 553 -1
553 553 8
554 553 -1
582 553 -1
583 553 -1
584 553 -1
523 554 -1
524 554 -1
525 554 -1
553 554 -1
554 554 8
555 554 -1
583 554 -1
584 554 -1
585 554 -1
524 555 -1
525 555 -1
526 555 -1
554 555 -1
555 555 8
556 555 -1
584 555 -1
585 555 -1
586 555 -1
525 556 -1
526 556 -1
527 556 -1
555 556 -1
556 556 8
557 556 -1
585 556 -1
586 556 -1
587 556 -1
526 557 -1
527 557 -1
528 557 -1
556 557 -1
557 557 8
558 557 -1
586 557 -1
587 557 -1
588 557 -1
527 558 -1
528 558 -1
529 558 -1
557 558 -1
558 558 8
559 558 -1
587 558 -1
588 558 -1
589 558 -1
528 559 -1
529 559 -1
530 559 -1
558 559 -1
559 559 8
560 559 -1
588 559 -1
589 559 -1
590 559 -1
529 560 -1
530 560 -1
531 560 -1
559 560 -1
560 560 8
561 560 -1
589 560 -1
590 560 -1
591 560 -1
530 561 -1
531 561 -1
532 561 -1
560 561 -1
561 561 8
562 561 -1
590 561 -1
591 561 -1
592 561 -1
531 562 -1
532 562 -1
533 562 -1
561 562 -1
562 562 8
563 562 -1
591 562 -1
592 562 -1
593 562 -1
532 563 -1
533 563 -1
534 563 -1
562 563 -1
563 563 8
564 563 -1
592 563 -1
593 563 -1
594 563 -1
533 564 -1
534 564 -1
535 564 -1
563 564 -1
564 564 8
565 564 -1
593 564 -1
594 564 -1
595 564 -1
534 565 -1
535 565 -1
536 565 -1
564 565 -1
565 565 8
566 565 -1
594 565 -1
595 565 -1
596 565 -1
535 566 -1
536 566 -1
537 566 -1
565 566 -1
566 566 8
567 566 -1
595 566 -1
596 566 -1
597 566 -1
536 567 -1
537 567 -1
538 567 -1
566 567 -1
567 567 8
568 567 -1
596 567 -1
597 567 -1
598 567 -1
537 568 -1
538 568 -1
539 568 -1
567 568 -1
568 568 8
569 568 -1
597 568 -1
598 568 -1
599 568 -1
538 569 -1
539 569 -1
540 569 -1
568 569 -1
569 569 8
570 569 -1
598 569 -1
599 569 -1
600 569 -1
539 570 -1
540 570 -1
569 570 -1
570 570 8
599 570 -1
600 570 -1
541 571 -1
542 571 -1
571 571 8
572 571 -1
601 571 -1
602 571 -1
541 572 -1
542 572 -1
543 572 -1
571 572 -1
572 572 8
573 572 -1
601 572 -1
602 572 -1
603 572 -1
542 573 -1
543 573 -1
544 573 -1
572 573 -1
573 573 8
574 573 -1
602 573 -1
603 573 -1
604 573 -1
543 574 -1
544 574 -1
545 574 -1
573 574 -1
574 574 8
575 574 -1
603 574 -1
604 574 -1
605 574 -1
544 575 -1
545 575 -1
546 575 -1
574 575 -1
575 575 8
576 575 -1
604 575 -1
605 575 -1
606 575 -1
545 576 -1
546 576 -1
547 576 -1
575 576 -1
576 576 8
577 576 -1
605 576 -1
606 576 -1
607 576 -1
546 577 -1
547 577 -1
548 577 -1
576 577 -1
577 577 8
578 577 -1
606 577 -1
607 577 -1
608 577 -1
547 578 -1
548 578 -1
549 578 -1
577 578 -1
578 578 8
579 578 -1
607 578 -1
608 578 -1
609 578 -1
548 579 -1
549 579 -1
550 579 -1
578 579 -1
579 579 8
580 579 -1
608 579 -1
609 579 -1
610 579 -1
549 580 -1
550 580 -1
551 580 -1
579 580 -1
580 580 8
581 580 -1
609 580 -1
610 580 -1
611 580 -1
550 581 -1
551 581 -1
552 581 -1
580 581 -1
581 581 8
582 581 -1
610 581 -1
611 581 -1
612 581 -1
551 582 -1
552 582 -1
553 582 -1
581 582 -1
582 582 8
583 582 -1
611 582 -1
612 582 -1
613 582 -1
552 583 -1
553 583 -1
554 583 -1
582 583 -1
583 583 8
584 583 -1
612 583 -1
613 583 -1
614 583 -1
553 584 -1
554 584 -1
555 584 -1
583 584 -1
584 584 8
585 584 -1
613 584 -1
614 584 -1
615 584 -1
554 585 -1
555 585 -1
556 585 -1
584 585 -1
585 585 8
586 585 -1
614 585 -1
615 585 -1
616 585 -1
555 586 -1
556 586 -1
557 586 -1
585 586 -1
586 586 8
587 586 -1
615 586 -1
616 586 -1
617 586 -1
556 587 -1
557 587 -1
558 587 -1
586 587 -1
587 587 8
588 587 -1
616 587 -1
617 587 -1
618 587 -1
557 588 -1
558 588 -1
559 588 -1
587 588 -1
588 588 8
589 588 -1
617 588 -1
618 588 -1
619 588 -1
558 589 -1
559 589 -1
560 589 -1
588 589 -1
589 589 8
590 589 -1
618 589 -1
619 589 -1
620 589 -1
559 590 -1
560 590 -1
561 590 -1
589 590 -1
590 590 8
591 590 -1
619 590 -1
620 590 -1
621 590 -1
560 591 -1
561 591 -1
562 591 -1
590 591 -1
591 591 8
592 591 -1
620 591 -1
621 591 -1
622 591 -1
561 592 -1
562 592 -1
563 592 -1
591 592 -1
592 592 8
593 592 -1
621 592 -1
622 592 -1
623 592 -1
562 593 -1
563 593 -1
564 593 -1
592 593 -1
593 593 8
594 593 -1
622 593 -1
623 593 -1
624 593 -1
563 594 -1
564 594 -1
565 594 -1
593 594 -1
594 594 8
595 594 -1
623 594 -1
624 594 -1
625 594 -1
564 595 -1
565 595 -1
566 595 -1
594 595 -1
595 595 8
596 595 -1
624 595 -1
625 595 -1
626 595 -1
565 596 -1
566 596 -1
567 596 -1
595 596 -1
596 596 8
597 596 -1
625 596 -1
626 596 -1
627 596 -1
566 597 -1
567 597 -1
568 597 -1
596 597 -1
597 597 8
598 597 -1
626 597 -1
627 597 -1
628 597 -1
567 598 -1
568 598 -1
569 598 -1
597 598 -1
598 598 8
599 598 -1
627 598 -1
628 598 -1
629 598 -1
568 599 -1
569 599 -1
570 599 -1
598 599 -1
599 599 8
600 599 -1
628 599 -1
629 599 -1
630 599 -1
569 600 -1
570 600 -1
599 600 -1
600 600 8
629 600 -1
630 600 -1
571 601 -1
572 601 -1
601 601 8
602 601 -1
631 601 -1
632 601 -1
571 602 -1
572 602 -1
573 602 -1
601 602 -1
602 602 8
603 602 -1
631 602 -1
632 602 -1
633 602 -1
572 603 -1
573 603 -1
574 603 -1
602 603 -1
603 603 8
604 603 -1
632 603 -1
633 603 -1
634 603 -1
573 604 -1
574 604 -1
575 604 -1
603 604 -1
604 604 8
605 604 -1
633 604 -1
634 604 -1
635 604 -1
574 605 -1
575 605 -1
576 605 -1
604 605 -1
605 605 8
606 605 -1
634 605 -1
635 605 -1
636 605 -1
575 606 -1
576 606 -1
577 606 -1
605 606 -1
606 606 8
607 606 -1
635 606 -1
636 606 -1
637 606 -1
576 607 -1
577 607 -1
578 607 -1
606 607 -1
607 607 8
608 607 -1
636 607 -1
637 607 -1
638 607 -1
577 608 -1
578 608 -1
579 608 -1
607 608 -1
608 608 8
609 608 -1
637 608 -1
638 608 -1
639 608 -1
578 609 -1
579 609 -1
580 609 -1
608 609 -1
609 609 8
610 609 -1
638 609 -1
639 609 -1
640 609 -1
579 610 -1
580 610 -1
581 610 -1
609 610 -1
610 610 8
611 610 -1
639 610 -1
640 610 -1
641 610 -1
580 611 -1
581 611 -1
582 611 -1
610 611 -1
611 611 8
612 611 -1
640 611 -1
641 611 -1
642 611 -1
581 612 -1
582 612 -1
583 612 -1
611 612 -1
612 612 8
613 612 -1
641 612 -1
642 612 -1
643 612 -1
582 613 -1
583 613 -1
584 613 -1
612 613 -1
613 613 8
614 613 -1
642 613 -1
643 613 -1
644 613 -1
583 614 -1
584 614 -1
585 614 -1
613 614 -1
614 614 8
615 614 -1
643 614 -1
644 614 -1
645 614 -1
584 615 -1
585 615 -1
586 615 -1
614 615 -1
615 615 8
616 615 -1
644 615 -1
645 615 -1
646 615 -1
585 616 -1
586 616 -1
587 616 -1
615 616 -1
616 616 8
617 616 -1
645 616 -1
646 616 -1
647 616 -1
586 617 -1
587 617 -1
588 617 -1
616 617 -1
617 617 8
618 617 -1
646 617 -1
647 617 -1
648 617 -1
587 618 -1
588 618 -1
589 618 -1
617 618 -1
618 618 8
619 618 -1
647 618 -1
648 618 -1
649 618 -1
588 619 -1
589 619 -1
590 619 -1
618 619 -1
619 619 8
620 619 -1
648 619 -1
649 619 -1
650 619 -1
589 620 -1
590 620 -1
591 620 -1
619 620 -1
620 620 8
621 620 -1
649 620 -1
650 620 -1
651 620 -1
590 621 -1
591 621 -1
592 621 -1
620 621 -1
621 621 8
622 621 -1
650 621 -1
651 621 -1
652 621 -1
591 622 -1
592 622 -1
593 622 -1
621 622 -1
622 622 8
623 622 -1
651 622 -1
652 622 -1
653 622 -1
592 623 -1
593 623 -1
594 623 -1
622 623 -1
623 623 8
624 623 -1
652 623 -1
653 623 -1
654 623 -1
593 624 -1
594 624 -1
595 624 -1
623 624 -1
624 624 8
625 624 -1
653 624 -1
654 624 -1
655 624 -1
594 625 -1
595 625 -1
596 625 -1
624 625 -1
625 625 8
626 625 -1
654 625 -1
655 625 -1
656 625 -1
595 626 -1
596 626 -1
597 626 -1
625 626 -1
626 626 8
627 626 -1
655 626 -1
656 626 -1
657 626 -1
596 627 -1
597 627 -1
598 627 -1
626 627 -1
627 627 8
628 627 -1
656 627 -1
657 627 -1
658 627 -1
597 628 -1
598 628 -1
599 628 -1
627 628 -1
628 628 8
629 628 -1
657 628 -1
658 628 -1
659 628 -1
598 629 -1
599 629 -1
600 629 -1
628 629 -1
629 629 8
630 629 -1
658 629 -1
659 629 -1
660 629 -1
599 630 -1
600 630 -1
629 630 -1
630 630 8
659 630 -1
660 630 -1
601 631 -1
602 631 -1
631 631 8
632 631 -1
661 631 -1
662 631 -1
601 632 -1
602 632 -1
603 632 -1
631 632 -1
632 632 8
633 632 -1
661 632 -1
662 632 -1
663 632 -1
602 633 -1
603 633 -1
604 633 -1
632 633 -1
633 633 8
634 633 -1
662 633 -1
663 633 -1
664 633 -1
603 634 -1
604 634 -1
605 634 -1
633 634 -1
634 634 8
635 634 -1
663 634 -1
664 634 -1
665 634 -1
604 635 -1
605 635 -1
606 635 -1
634 635 -1
635 635 8
636 635 -1
664 635 -1
665 635 -1
666 635 -1
605 636 -1
606 636 -1
607 636 -1
635 636 -1
636 636 8
637 636 -1
665 636 -1
666 636 -1
667 636 -1
606 637 -1
607 637 -1
608 637 -1
636 637 -1
637 637 8
638 637 -1
666 637 -1
667 637 -1
668 637 -1
607 638 -1
608 638 -1
609 638 -1
637 638 -1
638 638 8
639 638 -1
667 638 -1
668 638 -1
669 638 -1
608 639 -1
609 639 -1
610 639 -1
638 639 -1
639 639 8
640 639 -1
668 639 -1
669 639 -1
670 639 -1
609 640 -1
610 640 -1
611 640 -1
639 640 -1
640 640 8
641 640 -1
669 640 -1
670 640 -1
671 640 -1
610 641 -1
611 641 -1
612 641 -1
640 641 -1
641 641 8
642 641 -1
670 641 -1
671 641 -1
672 641 -1
611 642 -1
612 642 -1
613 642 -1
641 642 -1
642 642 8
643 642 -1
671 642 -1
672 642 -1
673 642 -1
612 643 -1
613 643 -1
614 643 -1
642 643 -1
643 643 8
644 643 -1
672 643 -1
673 643 -1
674 643 -1
613 644 -1
614 644 -1
615 644 -1
643 644 -1
644 644 8
645 644 -1
673 644 -1
674 644 -1
675 644 -1
614 645 -1
615 645 -1
616 645 -1
644 645 -1
645 645 8
646 645 -1
674 645 -1
675 645 -1
676 645 -1
615 646 -1
616 646 -1
617 646 -1
645 646 -1
646 646 8
647 646 -1
675 646 -1
676 646 -1
677 646 -1
616 647 -1
617 647 -1
618 647 -1
646 647 -1
647 647 8
648 647 -1
676 647 -1
677 647 -1
678 647 -1
617 648 -1
618 648 -1
619 648 -1
647 648 -1
648 648 8
649 648 -1
677 648 -1
678 648 -1
679 648 -1
618 649 -1
619 649 -1
620 649 -1
648 649 -1
649 649 8
650 649 -1
678 649 -1
679 649 -1
680 649 -1
619 650 -1
620 650 -1
621 650 -1
649 650 -1
650 650 8
651 650 -1
679 650 -1
680 650 -1
681 650 -1
620 651 -1
621 651 -1
622 651 -1
650 651 -1
651 651 8
652 651 -1
680 651 -1
681 651 -1
682 651 -1
621 652 -1
622 652 -1
623 652 -1
651 652 -1
652 652 8
653 652 -1
681 652 -1
682 652 -1
683 652 -1
622 653 -1
623 653 -1
624 653 -1
652 653 -1
653 653 8
654 653 -1
682 653 -1
683 653 -1
684 653 -1
623 654 -1
624 654 -1
625 654 -1
653 654 -1
654 654 8
655 654 -1
683 654 -1
684 654 -1
685 654 -1
624 655 -1
625 655 -1
626 655 -1
654 655 -1
655 655 8
656 655 -1
684 655 -1
685 655 -1
686 655 -1
625 656 -1
626 656 -1
627 656 -1
655 656 -1
656 656 8
657 656 -1
685 656 -1
686 656 -1
687 656 -1
626 657 -1
627 657 -1
628 657 -1
656 657 -1
657 657 8
658 657 -1
686 657 -1
687 657 -1
688 657 -1
627 658 -1
628 658 -1
629 658 -1
657 658 -1
658 658 8
659 658 -1
687 658 -1
688 658 -1
689 658 -1
628 659 -1
629 659 -1
630 659 -1
658 659 -1
659 659 8
660 659 -1
688 659 -1
689 659 -1
690 659 -1
629 660 -1
630 660 -1
659 660 -1
660 660 8
689 660 -1
690 660 -1
631 661 -1
632 661 -1
661 661 8
662 661 -1
691 661 -1
692 661 -1
631 662 -1
632 662 -1
633 662 -1
661 662 -1
662 662 8
663 662 -1
691 662 -1
692 662 -1
693 662 -1
632 663 -1
633 663 -1
634 663 -1
662 663 -1
663 663 8
664 663 -1
692 663 -1
693 663 -1
694 663 -1
633 664 -1
634 664 -1
635 664 -1
663 664 -1
664 664 8
665 664 -1
693 664 -1
694 664 -1
695 664 -1
634 665 -1
635 665 -1
636 665 -1
664 665 -1
665 665 8
666 665 -1
694 665 -1
695 665 -1
696 665 -1
635 666 -1
636 666 -1
637 666 -1
665 666 -1
666 666 8
667 666 -1
695 666 -1
696 666 -1
697 666 -1
636 667 -1
637 667 -1
638 667 -1
666 667 -1
667 667 8
668 667 -1
696 667 -1
697 667 -1
698 667 -1
637 668 -1
638 668 -1
639 668 -1
667 668 -1
668 668 8
669 668 -1
697 668 -1
698 668 -1
699 668 -1
638 669 -1
639 669 -1
640 669 -1
668 669 -1
669 669 8
670 669 -1
698 669 -1
699 669 -1
700 669 -1
639 670 -1
640 670 -1
641 670 -1
669 670 -1
670 670 8
671 670 -1
699 670 -1
700 670 -1
701 670 -1
640 671 -1
641 671 -1
642 671 -1
670 671 -1
671 671 8
672 671 -1
700 671 -1
701 671 -1
702 671 -1
641 672 -1
642 672 -1
643 672 -1
671 672 -1
672 672 8
673 672 -1
701 672 -1
702 672 -1
703 672 -1
642 673 -1
643 673 -1
644 673 -1
672 673 -1
673 673 8
674 673 -1
702 673 -1
703 673 -1
704 673 -1
643 674 -1
644 674 -1
645 674 -1
673 674 -1
674 674 8
675 674 -1
703 674 -1
704 674 -1
705 674 -1
644 675 -1
645 675 -1
646 675 -1
674 675 -1
675 675 8
676 675 -1
704 675 -1
705 675 -1
706 675 -1
645 676 -1
646 676 -1
647 676 -1
675 676 -1
676 676 8
677 676 -1
705 676 -1
706 676 -1
707 676 -1
646 677 -1
647 677 -1
648 677 -1
676 677 -1
677 677 8
678 677 -1
706 677 -1
707 677 -1
708 677 -1
647 678 -1
648 678 -1
649 678 -1
677 678 -1
678 678 8
679 678 -1
707 678 -1
708 678 -1
709 678 -1
648 679 -1
649 679 -1
650 679 -1
678 679 -1
679 679 8
680 679 -1
708 679 -1
709 679 -1
710 679 -1
649 680 -1
650 680 -1
651 680 -1
679 680 -1
680 680 8
681 680 -1
709 680 -1
710 680 -1
711 680 -1
650 681 -1
651 681 -1
652 681 -1
680 681 -1
681 681 8
682 681 -1
710 681 -1
711 681 -1
712 681 -1
651 682 -1
652 682 -1
653 682 -1
681 682 -1
682 682 8
683 682 -1
711 682 -1
712 682 -1
713 682 -1
652 683 -1
653 683 -1
654 683 -1
682 683 -1
683 683 8
684 683 -1
712 683 -1
713 683 -1
714 683 -1
653 684 -1
654 684 -1
655 684 -1
683 684 -1
684 684 8
685 684 -1
713 684 -1
714 684 -1
715 684 -1
654 685 -1
655 685 -1
656 685 -1
684 685 -1
685 685 8
686 685 -1
714 685 -1
715 685 -1
716 685 -1
655 686 -1
656 686 -1
657 686 -1
685 686 -1
686 686 8
687 686 -1
715 686 -1
716 686 -1
717 686 -1
656 687 -1
657 687 -1
658 687 -1
686 687 -1
687 687 8
688 687 -1
716 687 -1
717 687 -1
718 687 -1
657 688 -1
658 688 -1
659 688 -1
687 688 -1
688 688 8
689 688 -1
717 688 -1
718 688 -1
719 688 -1
658 689 -1
659 689 -1
660 689 -1
688 689 -1
689 689 8
690 689 -1
718 689 -1
719 689 -1
720 689 -1
659 690 -1
660 690 -1
689 690 -1
690 690 8
719 690 -1
720 690 -1
661 691 -1
662 691 -1
691 691 8
692 691 -1
721 691 -1
722 691 -1
661 692 -1
662 692 -1
663 692 -1
691 692 -1
692 692 8
693 692 -1
721 692 -1
722 692 -1
723 692 -1
662 693 -1
663 693 -1
664 693 -1
692 693 -1
693 693 8
694 693 -1
722 693 -1
723 693 -1
724 693 -1
663 694 -1
664 694 -1
665 694 -1
693 694 -1
694 694 8
695 694 -1
723 694 -1
724 694 -1
725 694 -1
664 695 -1
665 695 -1
666 695 -1
694 695 -1
695 695 8
696 695 -1
724 695 -1
725 695 -1
726 695 -1
665 696 -1
666 696 -1
667 696 -1
695 696 -1
696 696 8
697 696 -1
725 696 -1
726 696 -1
727 696 -1
666 697 -1
667 697 -1
668 697 -1
696 697 -1
697 697 8
698 697 -1
726 697 -1
727 697 -1
728 697 -1
667 698 -1
668 698 -1
669 698 -1
697 698 -1
698 698 8
699 698 -1
727 698 -1
728 698 -1
729 698 -1
668 699 -1
669 699 -1
670 699 -1
698 699 -1
699 699 8
700 699 -1
728 699 -1
729 699 -1
730 699 -1
669 700 -1
670 700 -1
671 700 -1
699 700 -1
700 700 8
701 700 -1
729 700 -1
730 700 -1
731 700 -1
670 701 -1
671 701 -1
672 701 -1
700 701 -1
701 701 8
702 701 -1
730 701 -1
731 701 -1
732 701 -1
671 702 -1
672 702 -1
673 702 -1
701 702 -1
702 702 8
703 702 -1
731 702 -1
732 702 -1
733 702 -1
672 703 -1
673 703 -1
674 703 -1
702 703 -1
703 703 8
704 703 -1
732 703 -1
733 703 -1
734 703 -1
673 704 -1
674 704 -1
675 704 -1
703 704 -1
704 704 8
705 704 -1
733 704 -1
734 704 -1
735 704 -1
674 705 -1
675 705 -1
676 705 -1
704 705 -1
705 705 8
706 705 -1
734 705 -1
735 705 -1
736 705 -1
675 706 -1
676 706 -1
677 706 -1
705 706 -1
706 706 8
707 706 -1
735 706 -1
736 706 -1
737 706 -1
676 707 -1
677 707 -1
678 707 -1
706 707 -1
707 707 8
708 707 -1
736 707 -1
737 707 -1
738 707 -1
677 708 -1
678 708 -1
679 708 -1
707 708 -1
708 708 8
709 708 -1
737 708 -1
738 708 -1
739 708 -1
678 709 -1
679 709 -1
680 709 -1
708 709 -1
709 709 8
710 709 -1
738 709 -1
739 709 -1
740 709 -1
679 710 -1
680 710 -1
681 710 -1
709 710 -1
710 710 8
711 710 -1
739 710 -1
740 710 -1
741 710 -1
680 711 -1
681 711 -1
682 711 -1
710 711 -1
711 711 8
712 711 -1
740 711 -1
741 711 -1
742 711 -1
681 712 -1
682 712 -1
683 712 -1
711 712 -1
712 712 8
713 712 -1
741 712 -1
742 712 -1
743 712 -1
682 713 -1
683 713 -1
684 713 -1
712 713 -1
713 713 8
714 713 -1
742 713 -1
743 713 -1
744 713 -1
683 714 -1
684 714 -1
685 714 -1
713 714 -1
714 714 8
715 714 -1
743 714 -1
744 714 -1
745 714 -1
684 715 -1
685 715 -1
686 715 -1
714 715 -1
715 715 8
716 715 -1
744 715 -1
745 715 -1
746 715 -1
685 716 -1
686 716 -1
687 716 -1
715 716 -1
716 716 8
717 716 -1
745 716 -1
746 716 -1
747 716 -1
686 717 -1
687 717 -1
688 717 -1
716 717 -1
717 717 8
718 717 -1
746 717 -1
747 717 -1
748 717 -1
687 718 -1
688 718 -1
689 718 -1
717 718 -1
718 718 8
719 718 -1
747 718 -1
748 718 -1
749 718 -1
688 719 -1
689 719 -1
690 719 -1
718 719 -1
719 719 8
720 719 -1
748 719 -1
749 719 -1
750 719 -1
689 720 -1
690 720 -1
719 720 -1
720 720 8
749 720 -1
750 720 -1
691 721 -1
692 721 -1
721 721 8
722 721 -1
751 721 -1
752 721 -1
691 722 -1
692 722 -1
693 722 -1
721 722 -1
722 722 8
723 722 -1
751 722 -1
752 722 -1
753 722 -1
692 723 -1
693 723 -1
694 723 -1
722 723 -1
723 723 8
724 723 -1
752 723 -1
753 723 -1
754 723 -1
693 724 -1
694 724 -1
695 724 -1
723 724 -1
724 724 8
725 724 -1
753 724 -1
754 724 -1
755 724 -1
694 725 -1
695 725 -1
696 725 -1
724 725 -1
725 725 8
726 725 -1
754 725 -1
755 725 -1
756 725 -1
695 726 -1
696 726 -1
697 726 -1
725 726 -1
726 726 8
727 726 -1
755 726 -1
756 726 -1
757 726 -1
696 727 -1
697 727 -1
698 727 -1
726 727 -1
727 727 8
728 727 -1
756 727 -1
757 727 -1
758 727 -1
697 728 -1
698 728 -1
699 728 -1
727 728 -1
728 728 8
729 728 -1
757 728 -1
758 728 -1
759 728 -1
698 729 -1
699 729 -1
700 729 -1
728 729 -1
729 729 8
730 729 -1
758 729 -1
759 729 -1
760 729 -1
699 730 -1
700 730 -1
701 730 -1
729 730 -1
730 730 8
731 730 -1
759 730 -1
760 730 -1
761 730 -1
700 731 -1
701 731 -1
702 731 -1
730 731 -1
731 731 8
732 731 -1
760 731 -1
761 731 -1
762 731 -1
701 732 -1
702 732 -1
703 732 -1
731 732 -1
732 732 8
733 732 -1
761 732 -1
762 732 -1
763 732 -1
702 733 -1
703 733 -1
704 733 -1
732 733 -1
733 733 8
734 733 -1
762 733 -1
763 733 -1
764 733 -1
703 734 -1
704 734 -1
705 734 -1
733 734 -1
734 734 8
735 734 -1
763 734 -1
764 734 -1
765 734 -1
704 735 -1
705 735 -1
706 735 -1
734 735 -1
735 735 8
736 735 -1
764 735 -1
765 735 -1
766 735 -1
705 736 -1
706 736 -1
707 736 -1
735 736 -1
736 736 8
737 736 -1
765 736 -1
766 736 -1
767 736 -1
706 737 -1
707 737 -1
708 737 -1
736 737 -1
737 737 8
738 737 -1
766 737 -1
767 737 -1
768 737 -1
707 738 -1
708 738 -1
709 738 -1
737 738 -1
738 738 8
739 738 -1
767 738 -1
768 738 -1
769 738 -1
708 739 -1
709 739 -1
710 739 -1
738 739 -1
739 739 8
740 739 -1
768 739 -1
769 739 -1
770 739 -1
709 740 -1
710 740 -1
711 740 -1
739 740 -1
740 740 8
741 740 -1
769 740 -1
770 740 -1
771 740 -1
710 741 -1
711 741 -1
712 741 -1
740 741 -1
741 741 8
742 741 -1
770 741 -1
771 741 -1
772 741 -1
711 742 -1
712 742 -1
713 742 -1
741 742 -1
742 742 8
743 742 -1
771 742 -1
772 742 -1
773 742 -1
712 743 -1
713 743 -1
714 743 -1
742 743 -1
743 743 8
744 743 -1
772 743 -1
773 743 -1
774 743 -1
713 744 -1
714 744 -1
715 744 -1
743 744 -1
744 744 8
745 744 -1
773 744 -1
774 744 -1
775 744 -1
714 745 -1
715 745 -1
716 745 -1
744 745 -1
745 745 8
746 745 -1
774 745 -1
775 745 -1
776 745 -1
715 746 -1
716 746 -1
717 746 -1
745 746 -1
746 746 8
747 746 -1
775 746 -1
776 746 -1
777 746 -1
716 747 -1
717 747 -1
718 747 -1
746 747 -1
747 747 8
748 747 -1
776 747 -1
777 747 -1
778 747 -1
717 748 -1
718 748 -1
719 748 -1
747 748 -1
748 748 8
749 748 -1
777 748 -1
778 748 -1
779 748 -1
718 749 -1
719 749 -1
720 749 -1
748 749 -1
749 749 8
750 749 -1
778 749 -1
779 749 -1
780 749 -1
719 750 -1
720 750 -1
749 750 -1
750 750 8
779 750 -1
780 750 -1
721 751 -1
722 751 -1
751 751 8
752 751 -1
781 751 -1
782 751 -1
721 752 -1
722 752 -1
723 752 -1
751 752 -1
752 752 8
753 752 -1
781 752 -1
782 752 -1
783 752 -1
722 753 -1
723 753 -1
724 753 -1
752 753 -1
753 753 8
754 753 -1
782 753 -1
783 753 -1
784 753 -1
723 754 -1
724 754 -1
725 754 -1
753 754 -1
754 754 8
755 754 -1
783 754 -1
784 754 -1
785 754 -1
724 755 -1
725 755 -1
726 755 -1
754 755 -1
755 755 8
756 755 -1
784 755 -1
785 755 -1
786 755 -1
725 756 -1
726 756 -1
727 756 -1
755 756 -1
756 756 8
757 756 -1
785 756 -1
786 756 -1
787 756 -1
726 757 -1
727 757 -1
728 757 -1
756 757 -1
757 757 8
758 757 -1
786 757 -1
787 757 -1
788 757 -1
727 758 -1
728 758 -1
729 758 -1
757 758 -1
758 758 8
759 758 -1
787 758 -1
788 758 -1
789 758 -1
728 759 -1
729 759 -1
730 759 -1
758 759 -1
759 759 8
760 759 -1
788 759 -1
789 759 -1
790 759 -1
729 760 -1
730 760 -1
731 760 -1
759 760 -1
760 760 8
761 760 -1
789 760 -1
790 760 -1
791 760 -1
730 761 -1
731 761 -1
732 761 -1
760 761 -1
761 761 8
762 761 -1
790 761 -1
791 761 -1
792 761 -1
731 762 -1
732 762 -1
733 762 -1
761 762 -1
762 762 8
763 762 -1
791 762 -1
792 762 -1
793 762 -1
732 763 -1
733 763 -1
734 763 -1
762 763 -1
763 763 8
764 763 -1
792 763 -1
793 763 -1
794 763 -1
733 764 -1
734 764 -1
735 764 -1
763 764 -1
764 764 8
765 764 -1
793 764 -1
794 764 -1
795 764 -1
734 765 -1
735 765 -1
736 765 -1
764 765 -1
765 765 8
766 765 -1
794 765 -1
795 765 -1
796 765 -1
735 766 -1
736 766 -1
737 766 -1
765 766 -1
766 766 8
767 766 -1
795 766 -1
796 766 -1
797 766 -1
736 767 -1
737 767 -1
738 767 -1
766 767 -1
767 767 8
768 767 -1
796 767 -1
797 767 -1
798 767 -1
737 768 -1
738 768 -1
739 768 -1
767 768 -1
768 768 8
769 768 -1
797 768 -1
798 768 -1
799 768 -1
738 769 -1
739 769 -1
740 769 -1
768 769 -1
769 769 8
770 769 -1
798 769 -1
799 769 -1
800 769 -1
739 770 -1
740 770 -1
741 770 -1
769 770 -1
770 770 8
771 770 -1
799 770 -1
800 770 -1
801 770 -1
740 771 -1
741 771 -1
742 771 -1
770 771 -1
771 771 8
772 771 -1
800 771 -1
801 771 -1
802 771 -1
741 772 -1
742 772 -1
743 772 -1
771 772 -1
772 772 8
773 772 -1
801 772 -1
802 772 -1
803 772 -1
742 773 -1
743 773 -1
744 773 -1
772 773 -1
773 773 8
774 773 -1
802 773 -1
803 773 -1
804 773 -1
743 774 -1
744 774 -1
745 774 -1
773 774 -1
774 774 8
775 774 -1
803 774 -1
804 774 -1
805 774 -1
744 775 -1
745 775 -1
746 775 -1
774 775 -1
775 775 8
776 775 -1
804 775 -1
805 775 -1
806 775 -1
745 776 -1
746 776 -1
747 776 -1
775 776 -1
776 776 8
777 776 -1
805 776 -1
806 776 -1
807 776 -1
746 777 -1
747 777 -1
748 777 -1
776 777 -1
777 777 8
778 777 -1
806 777 -1
807 777 -1
808 777 -1
747 778 -1
748 778 -1
749 778 -1
777 778 -1
778 778 8
779 778 -1
807 778 -1
808 778 -1
809 778 -1
748 779 -1
749 779 -1
750 779 -1
778 779 -1
779 779 8
780 779 -1
808 779 -1
809 779 -1
810 779 -1
749 780 -1
750 780 -1
779 780 -1
780 780 8
809 780 -1
810 780 -1
751 781 -1
752 781 -1
781 781 8
782 781 -1
811 781 -1
812 781 -1
751 782 -1
752 782 -1
753 782 -1
781 782 -1
782 782 8
783 782 -1
811 782 -1
812 782 -1
813 782 -1
752 783 -1
753 783 -1
754 783 -1
782 783 -1
783 783 8
784 783 -1
812 783 -1
813 783 -1
814 783 -1
753 784 -1
754 784 -1
755 784 -1
783 784 -1
784 784 8
785 784 -1
813 784 -1
814 784 -1
815 784 -1
754 785 -1
755 785 -1
756 785 -1
784 785 -1
785 785 8
786 785 -1
814 785 -1
815 785 -1
816 785 -1
755 786 -1
756 786 -1
757 786 -1
785 786 -1
786 786 8
787 786 -1
815 786 -1
816 786 -1
817 786 -1
756 787 -1
757 787 -1
758 787 -1
786 787 -1
787 787 8
788 787 -1
816 787 -1
817 787 -1
818 787 -1
757 788 -1
758 788 -1
759 788 -1
787 788 -1
788 788 8
789 788 -1
817 788 -1
818 788 -1
819 788 -1
758 789 -1
759 789 -1
760 789 -1
788 789 -1
789 789 8
790 789 -1
818 789 -1
819 789 -1
820 789 -1
759 790 -1
760 790 -1
761 790 -1
789 790 -1
790 790 8
791 790 -1
819 790 -1
820 790 -1
821 790 -1
760 791 -1
761 791 -1
762 791 -1
790 791 -1
791 791 8
792 791 -1
820 791 -1
821 791 -1
822 791 -1
761 792 -1
762 792 -1
763 792 -1
791 792 -1
792 792 8
793 792 -1
821 792 -1
822 792 -1
823 792 -1
762 793 -1
763 793 -1
764 793 -1
792 793 -1
793 793 8
794 793 -1
822 793 -1
823 793 -1
824 793 -1
763 794 -1
764 794 -1
765 794 -1
793 794 -1
794 794 8
795 794 -1
823 794 -1
824 794 -1
825 794 -1
764 795 -1
765 795 -1
766 795 -1
794 795 -1
795 795 8
796 795 -1
824 795 -1
825 795 -1
826 795 -1
765 796 -1
766 796 -1
767 796 -1
795 796 -1
796 796 8
797 796 -1
825 796 -1
826 796 -1
827 796 -1
766 797 -1
767 797 -1
768 797 -1
796 797 -1
797 797 8
798 797 -1
826 797 -1
827 797 -1
828 797 -1
767 798 -1
768 798 -1
769 798 -1
797 798 -1
798 798 8
799 798 -1
827 798 -1
828 798 -1
829 798 -1
768 799 -1
769 799 -1
770 799 -1
798 799 -1
799 799 8
800 799 -1
828 799 -1
829 799 -1
830 799 -1
769 800 -1
770 800 -1
771 800 -1
799 800 -1
800 800 8
801 800 -1
829 800 -1
830 800 -1
831 800 -1
770 801 -1
771 801 -1
772 801 -1
800 801 -1
801 801 8
802 801 -1
830 801 -1
831 801 -1
832 801 -1
771 802 -1
772 802 -1
773 802 -1
801 802 -1
802 802 8
803 802 -1
831 802 -1
832 802 -1
833 802 -1
772 803 -1
773 803 -1
774 803 -1
802 803 -1
803 803 8
804 803 -1
832 803 -1
833 803 -1
834 803 -1
773 804 -1
774 804 -1
775 804 -1
803 804 -1
804 804 8
805 804 -1
833 804 -1
834 804 -1
835 804 -1
774 805 -1
775 805 -1
776 805 -1
804 805 -1
805 805 8
806 805 -1
834 805 -1
835 805 -1
836 805 -1
775 806 -1
776 806 -1
777 806 -1
805 806 -1
806 806 8
807 806 -1
835 806 -1
836 806 -1
837 806 -1
776 807 -1
777 807 -1
778 807 -1
806 807 -1
807 807 8
808 807 -1
836 807 -1
837 807 -1
838 807 -1
777 808 -1
778 808 -1
779 808 -1
807 808 -1
808 808 8
809 808 -1
837 808 -1
838 808 -1
839 808 -1
778 809 -1
779 809 -1
780 809 -1
808 809 -1
809 809 8
810 809 -1
838 809 -1
839 809 -1
840 809 -1
779 810 -1
780 810 -1
809 810 -1
810 810 8
839 810 -1
840 810 -1
781 811 -1
782 811 -1
811 811 8
812 811 -1
841 811 -1
842 811 -1
781 812 -1
782 812 -1
783 812 -1
811 812 -1
812 812 8
813 812 -1
841 812 -1
842 812 -1
843 812 -1
782 813 -1
783 813 -1
784 813 -1
812 813 -1
813 813 8
814 813 -1
842 813 -1
843 813 -1
844 813 -1
783 814 -1
784 814 -1
785 814 -1
813 814 -1
814 814 8
815 814 -1
843 814 -1
844 814 -1
845 814 -1
784 815 -1
785 815 -1
786 815 -1
814 815 -1
815 815 8
816 815 -1
844 815 -1
845 815 -1
846 815 -1
785 816 -1
786 816 -1
787 816 -1
815 816 -1
816 816 8
817 816 -1
845 816 -1
846 816 -1
847 816 -1
786 817 -1
787 817 -1
788 817 -1
816 817 -1
817 817 8
818 817 -1
846 817 -1
847 817 -1
848 817 -1
787 818 -1
788 818 -1
789 818 -1
817 818 -1
818 818 8
819 818 -1
847 818 -1
848 818 -1
849 818 -1
788 819 -1
789 819 -1
790 819 -1
818 819 -1
819 819 8
820 819 -1
848 819 -1
849 819 -1
850 819 -1
789 820 -1
790 820 -1
791 820 -1
819 820 -1
820 820 8
821 820 -1
849 820 -1
850 820 -1
851 820 -1
790 821 -1
791 821 -1
792 821 -1
820 821 -1
821 821 8
822 821 -1
850 821 -1
851 821 -1
852 821 -1
791 822 -1
792 822 -1
793 822 -1
821 822 -1
822 822 8
823 822 -1
851 822 -1
852 822 -1
853 822 -1
792 823 -1
793 823 -1
794 823 -1
822 823 -1
823 823 8
824 823 -1
852 823 -1
853 823 -1
854 823 -1
793 824 -1
794 824 -1
795 824 -1
823 824 -1
824 824 8
825 824 -1
853 824 -1
854 824 -1
855 824 -1
794 825 -1
795 825 -1
796 825 -1
824 825 -1
825 825 8
826 825 -1
854 825 -1
855 825 -1
856 825 -1
795 826 -1
796 826 -1
797 826 -1
825 826 -1
826 826 8
827 826 -1
855 826 -1
856 826 -1
857 826 -1
796 827 -1
797 827 -1
798 827 -1
826 827 -1
827 827 8
828 827 -1
856 827 -1
857 827 -1
858 827 -1
797 828 -1
798 828 -1
799 828 -1
827 828 -1
828 828 8
829 828 -1
857 828 -1
858 828 -1
859 828 -1
798 829 -1
799 829 -1
800 829 -1
828 829 -1
829 829 8
830 829 -1
858 829 -1
859 829 -1
860 829 -1
799 830 -1
800 830 -1
801 830 -1
829 830 -1
830 830 8
831 830 -1
859 830 -1
860 830 -1
861 830 -1
800 831 -1
801 831 -1
802 831 -1
830 831 -1
831 831 8
832 831 -1
860 831 -1
861 831 -1
862 831 -1
801 832 -1
802 832 -1
803 832 -1
831 832 -1
832 832 8
833 832 -1
861 832 -1
862 832 -1
863 832 -1
802 833 -1
803 833 -1
804 833 -1
832 833 -1
833 833 8
834 833 -1
862 833 -1
863 833 -1
864 833 -1
803 834 -1
804 834 -1
805 834 -1
833 834 -1
834 834 8
835 834 -1
863 834 -1
864 834 -1
865 834 -1
804 835 -1
805 835 -1
806 835 -1
834 835 -1
835 835 8
836 835 -1
864 835 -1
865 835 -1
866 835 -1
805 836 -1
806 836 -1
807 836 -1
835 836 -1
836 836 8
837 836 -1
865 836 -1
866 836 -1
867 836 -1
806 837 -1
807 837 -1
808 837 -1
836 837 -1
837 837 8
838 837 -1
866 837 -1
867 837 -1
868 837 -1
807 838 -1
808 838 -1
809 838 -1
837 838 -1
838 838 8
839 838 -1
867 838 -1
868 838 -1
869 838 -1
808 839 -1
809 839 -1
810 839 -1
838 839 -1
839 839 8
840 839 -1
868 839 -1
869 839 -1
870 839 -1
809 840 -1
810 840 -1
839 840 -1
840 840 8
869 840 -1
870 840 -1
811 841 -1
812 841 -1
841 841 8
842 841 -1
871 841 -1
872 841 -1
811 842 -1
812 842 -1
813 842 -1
841 842 -1
842 842 8
843 842 -1
871 842 -1
872 842 -1
873 842 -1
812 843 -1
813 843 -1
814 843 -1
842 843 -1
843 843 8
844 843 -1
872 843 -1
873 843 -1
874 843 -1
813 844 -1
814 844 -1
815 844 -1
843 844 -1
844 844 8
845 844 -1
873 844 -1
874 844 -1
875 844 -1
814 845 -1
815 845 -1
816 845 -1
844 845 -1
845 845 8
846 845 -1
874 845 -1
875 845 -1
876 845 -1
815 846 -1
816 846 -1
817 846 -1
845 846 -1
846 846 8
847 846 -1
875 846 -1
876 846 -1
877 846 -1
816 847 -1
817 847 -1
818 847 -1
846 847 -1
847 847 8
848 847 -1
876 847 -1
877 847 -1
878 847 -1
817 848 -1
818 848 -1
819 848 -1
847 848 -1
848 848 8
849 848 -1
877 848 -1
878 848 -1
879 848 -1
818 849 -1
819 849 -1
820 849 -1
848 849 -1
849 849 8
850 849 -1
878 849 -1
879 849 -1
880 849 -1
819 850 -1
820 850 -1
821 850 -1
849 850 -1
850 850 8
851 850 -1
879 850 -1
880 850 -1
881 850 -1
820 851 -1
821 851 -1
822 851 -1
850 851 -1
851 851 8
852 851 -1
880 851 -1
881 851 -1
882 851 -1
821 852 -1
822 852 -1
823 852 -1
851 852 -1
852 852 8
853 852 -1
881 852 -1
882 852 -1
883 852 -1
822 853 -1
823 853 -1
824 853 -1
852 853 -1
853 853 8
854 853 -1
882 853 -1
883 853 -1
884 853 -1
823 854 -1
824 854 -1
825 854 -1
853 854 -1
854 854 8
855 854 -1
883 854 -1
884 854 -1
885 854 -1
824 855 -1
825 855 -1
826 855 -1
854 855 -1
855 855 8
856 855 -1
884 855 -1
885 855 -1
886 855 -1
825 856 -1
826 856 -1
827 856 -1
855 856 -1
856 856 8
857 856 -1
885 856 -1
886 856 -1
887 856 -1
826 857 -1
827 857 -1
828 857 -1
856 857 -1
857 857 8
858 857 -1
886 857 -1
887 857 -1
888 857 -1
827 858 -1
828 858 -1
829 858 -1
857 858 -1
858 858 8
859 858 -1
887 858 -1
888 858 -1
889 858 -1
828 859 -1
829 859 -1
830 859 -1
858 859 -1
859 859 8
860 859 -1
888 859 -1
889 859 -1
890 859 -1
829 860 -1
830 860 -1
831 860 -1
859 860 -1
860 860 8
861 860 -1
889 860 -1
890 860 -1
891 860 -1
830 861 -1
831 861 -1
832 861 -1
860 861 -1
861 861 8
862 861 -1
890 861 -1
891 861 -1
892 861 -1
831 862 -1
832 862 -1
833 862 -1
861 862 -1
862 862 8
863 862 -1
891 862 -1
892 862 -1
893 862 -1
832 863 -1
833 863 -1
834 863 -1
862 863 -1
863 863 8
864 863 -1
892 863 -1
893 863 -1
894 863 -1
833 864 -1
834 864 -1
835 864 -1
863 864 -1
864 864 8
865 864 -1
893 864 -1
894 864 -1
895 864 -1
834 865 -1
835 865 -1
836 865 -1
864 865 -1
865 865 8
866 865 -1
894 865 -1
895 865 -1
896 865 -1
835 866 -1
836 866 -1
837 866 -1
865 866 -1
866 866 8
867 866 -1
895 866 -1
896 866 -1
897 866 -1
836 867 -1
837 867 -1
838 867 -1
866 867 -1
867 867 8
868 867 -1
896 867 -1
897 867 -1
898 867 -1
837 868 -1
838 868 -1
839 868 -1
867 868 -1
868 868 8
869 868 -1
897 868 -1
898 868 -1
899 868 -1
838 869 -1
839 869 -1
840 869 -1
868 869 -1
869 869 8
870 869 -1
898 869 -1
899 869 -1
900 869 -1
839 870 -1
840 870 -1
869 870 -1
870 870 8
899 870 -1
900 870 -1
841 871 -1
842 871 -1
871 871 8
872 871 -1
841 872 -1
842 872 -1
843 872 -1
871 872 -1
872 872 8
873 872 -1
842 873 -1
843 873 -1
844 873 -1
872 873 -1
873 873 8
874 873 -1
843 874 -1
844 874 -1
845 874 -1
873 874 -1
874 874 8
875 874 -1
844 875 -1
845 875 -1
846 875 -1
874 875 -1
875 875 8
876 875 -1
845 876 -1
846 876 -1
847 876 -1
875 876 -1
876 876 8
877 876 -1
846 877 -1
847 877 -1
848 877 -1
876 877 -1
877 877 8
878 877 -1
847 878 -1
848 878 -1
849 878 -1
877 878 -1
878 878 8
879 878 -1
848 879 -1
849 879 -1
850 879 -1
878 879 -1
879 879 8
880 879 -1
849 880 -1
850 880 -1
851 880 -1
879 880 -1
880 880 8
881 880 -1
850 881 -1
851 881 -1
852 881 -1
880 881 -1
881 881 8
882 881 -1
851 882 -1
852 882 -1
853 882 -1
881 882 -1
882 882 8
883 882 -1
852 883 -1
853 883 -1
854 883 -1
882 883 -1
883 883 8
884 883 -1
853 884 -1
854 884 -1
855 884 -1
883 884 -1
884 884 8
885 884 -1
854 885 -1
855 885 -1
856 885 -1
884 885 -1
885 885 8
886 885 -1
855 886 -1
856 886 -1
857 886 -1
885 886 -1
886 886 8
887 886 -1
856 887 -1
857 887 -1
858 887 -1
886 887 -1
887 887 8
888 887 -1
857 888 -1
858 888 -1
859 888 -1
887 888 -1
888 888 8
889 888 -1
858 889 -1
859 889 -1
860 889 -1
888 889 -1
889 889 8
890 889 -1
859 890 -1
860 890 -1
861 890 -1
889 890 -1
890 890 8
891 890 -1
860 891 -1
861 891 -1
862 891 -1
890 891 -1
891 891 8
892 891 -1
861 892 -1
862 892 -1
863 892 -1
891 892 -1
892 892 8
893 892 -1
862 893 -1
863 893 -1
864 893 -1
892 893 -1
893 893 8
894 893 -1
863 894 -1
864 894 -1
865 894 -1
893 894 -1
894 894 8
895 894 -1
864 895 -1
865 895 -1
866 895 -1
894 895 -1
895 895 8
896 895 -1
865 896 -1
866 896 -1
867 896 -1
895 896 -1
896 896 8
897 896 -1
866 897 -1
867 897 -1
868 897 -1
896 897 -1
897 897 8
898 897 -1
867 898 -1
868 898 -1
869 898 -1
897 898 -1
898 898 8
899 898 -1
868 899 -1
869 899 -1
870 899 -1
898 899 -1
899 899 8
900 899 -1
869 900 -1
870 900 -1
899 900 -1
900 900 8
