18 18 82
1 1 3.53448
2 1 -477.1548
3 1 1.76724
1 2 -477.1548
2 2 171775.728
4 2 -85887.864
5 2 477.1548
1 3 1.76724
3 3 7.06896
4 3 -477.1548
5 3 1.76724
2 4 -85887.864
3 4 -477.1548
4 4 171775.728
6 4 -85887.864
7 4 477.1548
2 5 477.1548
3 5 1.76724
5 5 7.06896
6 5 -477.1548
7 5 1.76724
4 6 -85887.864
5 6 -477.1548
6 6 171775.728
8 6 -85887.864
9 6 477.1548
4 7 477.1548
5 7 1.76724
7 7 7.06896
8 7 -477.1548
9 7 1.76724
6 8 -85887.864
7 8 -477.1548
8 8 171775.728
10 8 -85887.864
11 8 477.1548
6 9 477.1548
7 9 1.76724
9 9 7.06896
10 9 -477.1548
11 9 1.76724
8 10 -85887.864
9 10 -477.1548
10 10 171775.728
12 10 -85887.864
13 10 477.1548
8 11 477.1548
9 11 1.76724
11 11 7.06896
12 11 -477.1548
13 11 1.76724
10 12 -85887.864
11 12 -477.1548
12 12 171775.728
14 12 -85887.864
15 12 477.1548
10 13 477.1548
11 13 1.76724
13 13 7.06896
14 13 -477.1548
15 13 1.76724
12 14 -85887.864
13 14 -477.1548
14 14 171775.728
16 14 -85887.864
17 14 477.1548
12 15 477.1548
13 15 1.76724
15 15 7.06896
16 15 -477.1548
17 15 1.76724
14 16 -85887.864
15 16 -477.1548
16 16 171775.728
18 16 477.1548
14 17 477.1548
15 17 1.76724
17 17 7.06896
18 17 1.76724
16 18 477.1548
17 18 1.76724
18 18 3.53448
