500 500 8478
1 1 2
2 1 1
3 1 1
5 1 1
9 1 1
17 1 1
33 1 1
65 1 1
129 1 1
257 1 1
1 2 1
2 2 3
3 2 1
4 2 1
6 2 1
10 2 1
18 2 1
34 2 1
66 2 1
130 2 1
258 2 1
1 3 1
2 3 1
3 3 5
4 3 1
5 3 1
7 3 1
11 3 1
19 3 1
35 3 1
67 3 1
131 3 1
259 3 1
2 4 1
3 4 1
4 4 7
5 4 1
6 4 1
8 4 1
12 4 1
20 4 1
36 4 1
68 4 1
132 4 1
260 4 1
1 5 1
3 5 1
4 5 1
5 5 11
6 5 1
7 5 1
9 5 1
13 5 1
21 5 1
37 5 1
69 5 1
133 5 1
261 5 1
2 6 1
4 6 1
5 6 1
6 6 13
7 6 1
8 6 1
10 6 1
14 6 1
22 6 1
38 6 1
70 6 1
134 6 1
262 6 1
3 7 1
5 7 1
6 7 1
7 7 17
8 7 1
9 7 1
11 7 1
15 7 1
23 7 1
39 7 1
71 7 1
135 7 1
263 7 1
4 8 1
6 8 1
7 8 1
8 8 19
9 8 1
10 8 1
12 8 1
16 8 1
24 8 1
40 8 1
72 8 1
136 8 1
264 8 1
1 9 1
5 9 1
7 9 1
8 9 1
9 9 23
10 9 1
11 9 1
13 9 1
17 9 1
25 9 1
41 9 1
73 9 1
137 9 1
265 9 1
2 10 1
6 10 1
8 10 1
9 10 1
10 10 29
11 10 1
12 10 1
14 10 1
18 10 1
26 10 1
42 10 1
74 10 1
138 10 1
266 10 1
3 11 1
7 11 1
9 11 1
10 11 1
11 11 31
12 11 1
13 11 1
15 11 1
19 11 1
27 11 1
43 11 1
75 11 1
139 11 1
267 11 1
4 12 1
8 12 1
10 12 1
11 12 1
12 12 37
13 12 1
14 12 1
16 12 1
20 12 1
28 12 1
44 12 1
76 12 1
140 12 1
268 12 1
5 13 1
9 13 1
11 13 1
12 13 1
13 13 41
14 13 1
15 13 1
17 13 1
21 13 1
29 13 1
45 13 1
77 13 1
141 13 1
269 13 1
6 14 1
10 14 1
12 14 1
13 14 1
14 14 43
15 14 1
16 14 1
18 14 1
22 14 1
30 14 1
46 14 1
78 14 1
142 14 1
270 14 1
7 15 1
11 15 1
13 15 1
14 15 1
15 15 47
16 15 1
17 15 1
19 15 1
23 15 1
31 15 1
47 15 1
79 15 1
143 15 1
271 15 1
8 16 1
12 16 1
14 16 1
15 16 1
16 16 53
17 16 1
18 16 1
20 16 1
24 16 1
32 16 1
48 16 1
80 16 1
144 16 1
272 16 1
1 17 1
9 17 1
13 17 1
15 17 1
16 17 1
17 17 59
18 17 1
19 17 1
21 17 1
25 17 1
33 17 1
49 17 1
81 17 1
145 17 1
273 17 1
2 18 1
10 18 1
14 18 1
16 18 1
17 18 1
18 18 61
19 18 1
20 18 1
22 18 1
26 18 1
34 18 1
50 18 1
82 18 1
146 18 1
274 18 1
3 19 1
11 19 1
15 19 1
17 19 1
18 19 1
19 19 67
20 19 1
21 19 1
23 19 1
27 19 1
35 19 1
51 19 1
83 19 1
147 19 1
275 19 1
4 20 1
12 20 1
16 20 1
18 20 1
19 20 1
20 20 71
21 20 1
22 20 1
24 20 1
28 20 1
36 20 1
52 20 1
84 20 1
148 20 1
276 20 1
5 21 1
13 21 1
17 21 1
19 21 1
20 21 1
21 21 73
22 21 1
23 21 1
25 21 1
29 21 1
37 21 1
53 21 1
85 21 1
149 21 1
277 21 1
6 22 1
14 22 1
18 22 1
20 22 1
21 22 1
22 22 79
23 22 1
24 22 1
26 22 1
30 22 1
38 22 1
54 22 1
86 22 1
150 22 1
278 22 1
7 23 1
15 23 1
19 23 1
21 23 1
22 23 1
23 23 83
24 23 1
25 23 1
27 23 1
31 23 1
39 23 1
55 23 1
87 23 1
151 23 1
279 23 1
8 24 1
16 24 1
20 24 1
22 24 1
23 24 1
24 24 89
25 24 1
26 24 1
28 24 1
32 24 1
40 24 1
56 24 1
88 24 1
152 24 1
280 24 1
9 25 1
17 25 1
21 25 1
23 25 1
24 25 1
25 25 97
26 25 1
27 25 1
29 25 1
33 25 1
41 25 1
57 25 1
89 25 1
153 25 1
281 25 1
10 26 1
18 26 1
22 26 1
24 26 1
25 26 1
26 26 101
27 26 1
28 26 1
30 26 1
34 26 1
42 26 1
58 26 1
90 26 1
154 26 1
282 26 1
11 27 1
19 27 1
23 27 1
25 27 1
26 27 1
27 27 103
28 27 1
29 27 1
31 27 1
35 27 1
43 27 1
59 27 1
91 27 1
155 27 1
283 27 1
12 28 1
20 28 1
24 28 1
26 28 1
27 28 1
28 28 107
29 28 1
30 28 1
32 28 1
36 28 1
44 28 1
60 28 1
92 28 1
156 28 1
284 28 1
13 29 1
21 29 1
25 29 1
27 29 1
28 29 1
29 29 109
30 29 1
31 29 1
33 29 1
37 29 1
45 29 1
61 29 1
93 29 1
157 29 1
285 29 1
14 30 1
22 30 1
26 30 1
28 30 1
29 30 1
30 30 113
31 30 1
32 30 1
34 30 1
38 30 1
46 30 1
62 30 1
94 30 1
158 30 1
286 30 1
15 31 1
23 31 1
27 31 1
29 31 1
30 31 1
31 31 127
32 31 1
33 31 1
35 31 1
39 31 1
47 31 1
63 31 1
95 31 1
159 31 1
287 31 1
16 32 1
24 32 1
28 32 1
30 32 1
31 32 1
32 32 131
33 32 1
34 32 1
36 32 1
40 32 1
48 32 1
64 32 1
96 32 1
160 32 1
288 32 1
1 33 1
17 33 1
25 33 1
29 33 1
31 33 1
32 33 1
33 33 137
34 33 1
35 33 1
37 33 1
41 33 1
49 33 1
65 33 1
97 33 1
161 33 1
289 33 1
2 34 1
18 34 1
26 34 1
30 34 1
32 34 1
33 34 1
34 34 139
35 34 1
36 34 1
38 34 1
42 34 1
50 34 1
66 34 1
98 34 1
162 34 1
290 34 1
3 35 1
19 35 1
27 35 1
31 35 1
33 35 1
34 35 1
35 35 149
36 35 1
37 35 1
39 35 1
43 35 1
51 35 1
67 35 1
99 35 1
163 35 1
291 35 1
4 36 1
20 36 1
28 36 1
32 36 1
34 36 1
35 36 1
36 36 151
37 36 1
38 36 1
40 36 1
44 36 1
52 36 1
68 36 1
100 36 1
164 36 1
292 36 1
5 37 1
21 37 1
29 37 1
33 37 1
35 37 1
36 37 1
37 37 157
38 37 1
39 37 1
41 37 1
45 37 1
53 37 1
69 37 1
101 37 1
165 37 1
293 37 1
6 38 1
22 38 1
30 38 1
34 38 1
36 38 1
37 38 1
38 38 163
39 38 1
40 38 1
42 38 1
46 38 1
54 38 1
70 38 1
102 38 1
166 38 1
294 38 1
7 39 1
23 39 1
31 39 1
35 39 1
37 39 1
38 39 1
39 39 167
40 39 1
41 39 1
43 39 1
47 39 1
55 39 1
71 39 1
103 39 1
167 39 1
295 39 1
8 40 1
24 40 1
32 40 1
36 40 1
38 40 1
39 40 1
40 40 173
41 40 1
42 40 1
44 40 1
48 40 1
56 40 1
72 40 1
104 40 1
168 40 1
296 40 1
9 41 1
25 41 1
33 41 1
37 41 1
39 41 1
40 41 1
41 41 179
42 41 1
43 41 1
45 41 1
49 41 1
57 41 1
73 41 1
105 41 1
169 41 1
297 41 1
10 42 1
26 42 1
34 42 1
38 42 1
40 42 1
41 42 1
42 42 181
43 42 1
44 42 1
46 42 1
50 42 1
58 42 1
74 42 1
106 42 1
170 42 1
298 42 1
11 43 1
27 43 1
35 43 1
39 43 1
41 43 1
42 43 1
43 43 191
44 43 1
45 43 1
47 43 1
51 43 1
59 43 1
75 43 1
107 43 1
171 43 1
299 43 1
12 44 1
28 44 1
36 44 1
40 44 1
42 44 1
43 44 1
44 44 193
45 44 1
46 44 1
48 44 1
52 44 1
60 44 1
76 44 1
108 44 1
172 44 1
300 44 1
13 45 1
29 45 1
37 45 1
41 45 1
43 45 1
44 45 1
45 45 197
46 45 1
47 45 1
49 45 1
53 45 1
61 45 1
77 45 1
109 45 1
173 45 1
301 45 1
14 46 1
30 46 1
38 46 1
42 46 1
44 46 1
45 46 1
46 46 199
47 46 1
48 46 1
50 46 1
54 46 1
62 46 1
78 46 1
110 46 1
174 46 1
302 46 1
15 47 1
31 47 1
39 47 1
43 47 1
45 47 1
46 47 1
47 47 211
48 47 1
49 47 1
51 47 1
55 47 1
63 47 1
79 47 1
111 47 1
175 47 1
303 47 1
16 48 1
32 48 1
40 48 1
44 48 1
46 48 1
47 48 1
48 48 223
49 48 1
50 48 1
52 48 1
56 48 1
64 48 1
80 48 1
112 48 1
176 48 1
304 48 1
17 49 1
33 49 1
41 49 1
45 49 1
47 49 1
48 49 1
49 49 227
50 49 1
51 49 1
53 49 1
57 49 1
65 49 1
81 49 1
113 49 1
177 49 1
305 49 1
18 50 1
34 50 1
42 50 1
46 50 1
48 50 1
49 50 1
50 50 229
51 50 1
52 50 1
54 50 1
58 50 1
66 50 1
82 50 1
114 50 1
178 50 1
306 50 1
19 51 1
35 51 1
43 51 1
47 51 1
49 51 1
50 51 1
51 51 233
52 51 1
53 51 1
55 51 1
59 51 1
67 51 1
83 51 1
115 51 1
179 51 1
307 51 1
20 52 1
36 52 1
44 52 1
48 52 1
50 52 1
51 52 1
52 52 239
53 52 1
54 52 1
56 52 1
60 52 1
68 52 1
84 52 1
116 52 1
180 52 1
308 52 1
21 53 1
37 53 1
45 53 1
49 53 1
51 53 1
52 53 1
53 53 241
54 53 1
55 53 1
57 53 1
61 53 1
69 53 1
85 53 1
117 53 1
181 53 1
309 53 1
22 54 1
38 54 1
46 54 1
50 54 1
52 54 1
53 54 1
54 54 251
55 54 1
56 54 1
58 54 1
62 54 1
70 54 1
86 54 1
118 54 1
182 54 1
310 54 1
23 55 1
39 55 1
47 55 1
51 55 1
53 55 1
54 55 1
55 55 257
56 55 1
57 55 1
59 55 1
63 55 1
71 55 1
87 55 1
119 55 1
183 55 1
311 55 1
24 56 1
40 56 1
48 56 1
52 56 1
54 56 1
55 56 1
56 56 263
57 56 1
58 56 1
60 56 1
64 56 1
72 56 1
88 56 1
120 56 1
184 56 1
312 56 1
25 57 1
41 57 1
49 57 1
53 57 1
55 57 1
56 57 1
57 57 269
58 57 1
59 57 1
61 57 1
65 57 1
73 57 1
89 57 1
121 57 1
185 57 1
313 57 1
26 58 1
42 58 1
50 58 1
54 58 1
56 58 1
57 58 1
58 58 271
59 58 1
60 58 1
62 58 1
66 58 1
74 58 1
90 58 1
122 58 1
186 58 1
314 58 1
27 59 1
43 59 1
51 59 1
55 59 1
57 59 1
58 59 1
59 59 277
60 59 1
61 59 1
63 59 1
67 59 1
75 59 1
91 59 1
123 59 1
187 59 1
315 59 1
28 60 1
44 60 1
52 60 1
56 60 1
58 60 1
59 60 1
60 60 281
61 60 1
62 60 1
64 60 1
68 60 1
76 60 1
92 60 1
124 60 1
188 60 1
316 60 1
29 61 1
45 61 1
53 61 1
57 61 1
59 61 1
60 61 1
61 61 283
62 61 1
63 61 1
65 61 1
69 61 1
77 61 1
93 61 1
125 61 1
189 61 1
317 61 1
30 62 1
46 62 1
54 62 1
58 62 1
60 62 1
61 62 1
62 62 293
63 62 1
64 62 1
66 62 1
70 62 1
78 62 1
94 62 1
126 62 1
190 62 1
318 62 1
31 63 1
47 63 1
55 63 1
59 63 1
61 63 1
62 63 1
63 63 307
64 63 1
65 63 1
67 63 1
71 63 1
79 63 1
95 63 1
127 63 1
191 63 1
319 63 1
32 64 1
48 64 1
56 64 1
60 64 1
62 64 1
63 64 1
64 64 311
65 64 1
66 64 1
68 64 1
72 64 1
80 64 1
96 64 1
128 64 1
192 64 1
320 64 1
1 65 1
33 65 1
49 65 1
57 65 1
61 65 1
63 65 1
64 65 1
65 65 313
66 65 1
67 65 1
69 65 1
73 65 1
81 65 1
97 65 1
129 65 1
193 65 1
321 65 1
2 66 1
34 66 1
50 66 1
58 66 1
62 66 1
64 66 1
65 66 1
66 66 317
67 66 1
68 66 1
70 66 1
74 66 1
82 66 1
98 66 1
130 66 1
194 66 1
322 66 1
3 67 1
35 67 1
51 67 1
59 67 1
63 67 1
65 67 1
66 67 1
67 67 331
68 67 1
69 67 1
71 67 1
75 67 1
83 67 1
99 67 1
131 67 1
195 67 1
323 67 1
4 68 1
36 68 1
52 68 1
60 68 1
64 68 1
66 68 1
67 68 1
68 68 337
69 68 1
70 68 1
72 68 1
76 68 1
84 68 1
100 68 1
132 68 1
196 68 1
324 68 1
5 69 1
37 69 1
53 69 1
61 69 1
65 69 1
67 69 1
68 69 1
69 69 347
70 69 1
71 69 1
73 69 1
77 69 1
85 69 1
101 69 1
133 69 1
197 69 1
325 69 1
6 70 1
38 70 1
54 70 1
62 70 1
66 70 1
68 70 1
69 70 1
70 70 349
71 70 1
72 70 1
74 70 1
78 70 1
86 70 1
102 70 1
134 70 1
198 70 1
326 70 1
7 71 1
39 71 1
55 71 1
63 71 1
67 71 1
69 71 1
70 71 1
71 71 353
72 71 1
73 71 1
75 71 1
79 71 1
87 71 1
103 71 1
135 71 1
199 71 1
327 71 1
8 72 1
40 72 1
56 72 1
64 72 1
68 72 1
70 72 1
71 72 1
72 72 359
73 72 1
74 72 1
76 72 1
80 72 1
88 72 1
104 72 1
136 72 1
200 72 1
328 72 1
9 73 1
41 73 1
57 73 1
65 73 1
69 73 1
71 73 1
72 73 1
73 73 367
74 73 1
75 73 1
77 73 1
81 73 1
89 73 1
105 73 1
137 73 1
201 73 1
329 73 1
10 74 1
42 74 1
58 74 1
66 74 1
70 74 1
72 74 1
73 74 1
74 74 373
75 74 1
76 74 1
78 74 1
82 74 1
90 74 1
106 74 1
138 74 1
202 74 1
330 74 1
11 75 1
43 75 1
59 75 1
67 75 1
71 75 1
73 75 1
74 75 1
75 75 379
76 75 1
77 75 1
79 75 1
83 75 1
91 75 1
107 75 1
139 75 1
203 75 1
331 75 1
12 76 1
44 76 1
60 76 1
68 76 1
72 76 1
74 76 1
75 76 1
76 76 383
77 76 1
78 76 1
80 76 1
84 76 1
92 76 1
108 76 1
140 76 1
204 76 1
332 76 1
13 77 1
45 77 1
61 77 1
69 77 1
73 77 1
75 77 1
76 77 1
77 77 389
78 77 1
79 77 1
81 77 1
85 77 1
93 77 1
109 77 1
141 77 1
205 77 1
333 77 1
14 78 1
46 78 1
62 78 1
70 78 1
74 78 1
76 78 1
77 78 1
78 78 397
79 78 1
80 78 1
82 78 1
86 78 1
94 78 1
110 78 1
142 78 1
206 78 1
334 78 1
15 79 1
47 79 1
63 79 1
71 79 1
75 79 1
77 79 1
78 79 1
79 79 401
80 79 1
81 79 1
83 79 1
87 79 1
95 79 1
111 79 1
143 79 1
207 79 1
335 79 1
16 80 1
48 80 1
64 80 1
72 80 1
76 80 1
78 80 1
79 80 1
80 80 409
81 80 1
82 80 1
84 80 1
88 80 1
96 80 1
112 80 1
144 80 1
208 80 1
336 80 1
17 81 1
49 81 1
65 81 1
73 81 1
77 81 1
79 81 1
80 81 1
81 81 419
82 81 1
83 81 1
85 81 1
89 81 1
97 81 1
113 81 1
145 81 1
209 81 1
337 81 1
18 82 1
50 82 1
66 82 1
74 82 1
78 82 1
80 82 1
81 82 1
82 82 421
83 82 1
84 82 1
86 82 1
90 82 1
98 82 1
114 82 1
146 82 1
210 82 1
338 82 1
19 83 1
51 83 1
67 83 1
75 83 1
79 83 1
81 83 1
82 83 1
83 83 431
84 83 1
85 83 1
87 83 1
91 83 1
99 83 1
115 83 1
147 83 1
211 83 1
339 83 1
20 84 1
52 84 1
68 84 1
76 84 1
80 84 1
82 84 1
83 84 1
84 84 433
85 84 1
86 84 1
88 84 1
92 84 1
100 84 1
116 84 1
148 84 1
212 84 1
340 84 1
21 85 1
53 85 1
69 85 1
77 85 1
81 85 1
83 85 1
84 85 1
85 85 439
86 85 1
87 85 1
89 85 1
93 85 1
101 85 1
117 85 1
149 85 1
213 85 1
341 85 1
22 86 1
54 86 1
70 86 1
78 86 1
82 86 1
84 86 1
85 86 1
86 86 443
87 86 1
88 86 1
90 86 1
94 86 1
102 86 1
118 86 1
150 86 1
214 86 1
342 86 1
23 87 1
55 87 1
71 87 1
79 87 1
83 87 1
85 87 1
86 87 1
87 87 449
88 87 1
89 87 1
91 87 1
95 87 1
103 87 1
119 87 1
151 87 1
215 87 1
343 87 1
24 88 1
56 88 1
72 88 1
80 88 1
84 88 1
86 88 1
87 88 1
88 88 457
89 88 1
90 88 1
92 88 1
96 88 1
104 88 1
120 88 1
152 88 1
216 88 1
344 88 1
25 89 1
57 89 1
73 89 1
81 89 1
85 89 1
87 89 1
88 89 1
89 89 461
90 89 1
91 89 1
93 89 1
97 89 1
105 89 1
121 89 1
153 89 1
217 89 1
345 89 1
26 90 1
58 90 1
74 90 1
82 90 1
86 90 1
88 90 1
89 90 1
90 90 463
91 90 1
92 90 1
94 90 1
98 90 1
106 90 1
122 90 1
154 90 1
218 90 1
346 90 1
27 91 1
59 91 1
75 91 1
83 91 1
87 91 1
89 91 1
90 91 1
91 91 467
92 91 1
93 91 1
95 91 1
99 91 1
107 91 1
123 91 1
155 91 1
219 91 1
347 91 1
28 92 1
60 92 1
76 92 1
84 92 1
88 92 1
90 92 1
91 92 1
92 92 479
93 92 1
94 92 1
96 92 1
100 92 1
108 92 1
124 92 1
156 92 1
220 92 1
348 92 1
29 93 1
61 93 1
77 93 1
85 93 1
89 93 1
91 93 1
92 93 1
93 93 487
94 93 1
95 93 1
97 93 1
101 93 1
109 93 1
125 93 1
157 93 1
221 93 1
349 93 1
30 94 1
62 94 1
78 94 1
86 94 1
90 94 1
92 94 1
93 94 1
94 94 491
95 94 1
96 94 1
98 94 1
102 94 1
110 94 1
126 94 1
158 94 1
222 94 1
350 94 1
31 95 1
63 95 1
79 95 1
87 95 1
91 95 1
93 95 1
94 95 1
95 95 499
96 95 1
97 95 1
99 95 1
103 95 1
111 95 1
127 95 1
159 95 1
223 95 1
351 95 1
32 96 1
64 96 1
80 96 1
88 96 1
92 96 1
94 96 1
95 96 1
96 96 503
97 96 1
98 96 1
100 96 1
104 96 1
112 96 1
128 96 1
160 96 1
224 96 1
352 96 1
33 97 1
65 97 1
81 97 1
89 97 1
93 97 1
95 97 1
96 97 1
97 97 509
98 97 1
99 97 1
101 97 1
105 97 1
113 97 1
129 97 1
161 97 1
225 97 1
353 97 1
34 98 1
66 98 1
82 98 1
90 98 1
94 98 1
96 98 1
97 98 1
98 98 521
99 98 1
100 98 1
102 98 1
106 98 1
114 98 1
130 98 1
162 98 1
226 98 1
354 98 1
35 99 1
67 99 1
83 99 1
91 99 1
95 99 1
97 99 1
98 99 1
99 99 523
100 99 1
101 99 1
103 99 1
107 99 1
115 99 1
131 99 1
163 99 1
227 99 1
355 99 1
36 100 1
68 100 1
84 100 1
92 100 1
96 100 1
98 100 1
99 100 1
100 100 541
101 100 1
102 100 1
104 100 1
108 100 1
116 100 1
132 100 1
164 100 1
228 100 1
356 100 1
37 101 1
69 101 1
85 101 1
93 101 1
97 101 1
99 101 1
100 101 1
101 101 547
102 101 1
103 101 1
105 101 1
109 101 1
117 101 1
133 101 1
165 101 1
229 101 1
357 101 1
38 102 1
70 102 1
86 102 1
94 102 1
98 102 1
100 102 1
101 102 1
102 102 557
103 102 1
104 102 1
106 102 1
110 102 1
118 102 1
134 102 1
166 102 1
230 102 1
358 102 1
39 103 1
71 103 1
87 103 1
95 103 1
99 103 1
101 103 1
102 103 1
103 103 563
104 103 1
105 103 1
107 103 1
111 103 1
119 103 1
135 103 1
167 103 1
231 103 1
359 103 1
40 104 1
72 104 1
88 104 1
96 104 1
100 104 1
102 104 1
103 104 1
104 104 569
105 104 1
106 104 1
108 104 1
112 104 1
120 104 1
136 104 1
168 104 1
232 104 1
360 104 1
41 105 1
73 105 1
89 105 1
97 105 1
101 105 1
103 105 1
104 105 1
105 105 571
106 105 1
107 105 1
109 105 1
113 105 1
121 105 1
137 105 1
169 105 1
233 105 1
361 105 1
42 106 1
74 106 1
90 106 1
98 106 1
102 106 1
104 106 1
105 106 1
106 106 577
107 106 1
108 106 1
110 106 1
114 106 1
122 106 1
138 106 1
170 106 1
234 106 1
362 106 1
43 107 1
75 107 1
91 107 1
99 107 1
103 107 1
105 107 1
106 107 1
107 107 587
108 107 1
109 107 1
111 107 1
115 107 1
123 107 1
139 107 1
171 107 1
235 107 1
363 107 1
44 108 1
76 108 1
92 108 1
100 108 1
104 108 1
106 108 1
107 108 1
108 108 593
109 108 1
110 108 1
112 108 1
116 108 1
124 108 1
140 108 1
172 108 1
236 108 1
364 108 1
45 109 1
77 109 1
93 109 1
101 109 1
105 109 1
107 109 1
108 109 1
109 109 599
110 109 1
111 109 1
113 109 1
117 109 1
125 109 1
141 109 1
173 109 1
237 109 1
365 109 1
46 110 1
78 110 1
94 110 1
102 110 1
106 110 1
108 110 1
109 110 1
110 110 601
111 110 1
112 110 1
114 110 1
118 110 1
126 110 1
142 110 1
174 110 1
238 110 1
366 110 1
47 111 1
79 111 1
95 111 1
103 111 1
107 111 1
109 111 1
110 111 1
111 111 607
112 111 1
113 111 1
115 111 1
119 111 1
127 111 1
143 111 1
175 111 1
239 111 1
367 111 1
48 112 1
80 112 1
96 112 1
104 112 1
108 112 1
110 112 1
111 112 1
112 112 613
113 112 1
114 112 1
116 112 1
120 112 1
128 112 1
144 112 1
176 112 1
240 112 1
368 112 1
49 113 1
81 113 1
97 113 1
105 113 1
109 113 1
111 113 1
112 113 1
113 113 617
114 113 1
115 113 1
117 113 1
121 113 1
129 113 1
145 113 1
177 113 1
241 113 1
369 113 1
50 114 1
82 114 1
98 114 1
106 114 1
110 114 1
112 114 1
113 114 1
114 114 619
115 114 1
116 114 1
118 114 1
122 114 1
130 114 1
146 114 1
178 114 1
242 114 1
370 114 1
51 115 1
83 115 1
99 115 1
107 115 1
111 115 1
113 115 1
114 115 1
115 115 631
116 115 1
117 115 1
119 115 1
123 115 1
131 115 1
147 115 1
179 115 1
243 115 1
371 115 1
52 116 1
84 116 1
100 116 1
108 116 1
112 116 1
114 116 1
115 116 1
116 116 641
117 116 1
118 116 1
120 116 1
124 116 1
132 116 1
148 116 1
180 116 1
244 116 1
372 116 1
53 117 1
85 117 1
101 117 1
109 117 1
113 117 1
115 117 1
116 117 1
117 117 643
118 117 1
119 117 1
121 117 1
125 117 1
133 117 1
149 117 1
181 117 1
245 117 1
373 117 1
54 118 1
86 118 1
102 118 1
110 118 1
114 118 1
116 118 1
117 118 1
118 118 647
119 118 1
120 118 1
122 118 1
126 118 1
134 118 1
150 118 1
182 118 1
246 118 1
374 118 1
55 119 1
87 119 1
103 119 1
111 119 1
115 119 1
117 119 1
118 119 1
119 119 653
120 119 1
121 119 1
123 119 1
127 119 1
135 119 1
151 119 1
183 119 1
247 119 1
375 119 1
56 120 1
88 120 1
104 120 1
112 120 1
116 120 1
118 120 1
119 120 1
120 120 659
121 120 1
122 120 1
124 120 1
128 120 1
136 120 1
152 120 1
184 120 1
248 120 1
376 120 1
57 121 1
89 121 1
105 121 1
113 121 1
117 121 1
119 121 1
120 121 1
121 121 661
122 121 1
123 121 1
125 121 1
129 121 1
137 121 1
153 121 1
185 121 1
249 121 1
377 121 1
58 122 1
90 122 1
106 122 1
114 122 1
118 122 1
120 122 1
121 122 1
122 122 673
123 122 1
124 122 1
126 122 1
130 122 1
138 122 1
154 122 1
186 122 1
250 122 1
378 122 1
59 123 1
91 123 1
107 123 1
115 123 1
119 123 1
121 123 1
122 123 1
123 123 677
124 123 1
125 123 1
127 123 1
131 123 1
139 123 1
155 123 1
187 123 1
251 123 1
379 123 1
60 124 1
92 124 1
108 124 1
116 124 1
120 124 1
122 124 1
123 124 1
124 124 683
125 124 1
126 124 1
128 124 1
132 124 1
140 124 1
156 124 1
188 124 1
252 124 1
380 124 1
61 125 1
93 125 1
109 125 1
117 125 1
121 125 1
123 125 1
124 125 1
125 125 691
126 125 1
127 125 1
129 125 1
133 125 1
141 125 1
157 125 1
189 125 1
253 125 1
381 125 1
62 126 1
94 126 1
110 126 1
118 126 1
122 126 1
124 126 1
125 126 1
126 126 701
127 126 1
128 126 1
130 126 1
134 126 1
142 126 1
158 126 1
190 126 1
254 126 1
382 126 1
63 127 1
95 127 1
111 127 1
119 127 1
123 127 1
125 127 1
126 127 1
127 127 709
128 127 1
129 127 1
131 127 1
135 127 1
143 127 1
159 127 1
191 127 1
255 127 1
383 127 1
64 128 1
96 128 1
112 128 1
120 128 1
124 128 1
126 128 1
127 128 1
128 128 719
129 128 1
130 128 1
132 128 1
136 128 1
144 128 1
160 128 1
192 128 1
256 128 1
384 128 1
1 129 1
65 129 1
97 129 1
113 129 1
121 129 1
125 129 1
127 129 1
128 129 1
129 129 727
130 129 1
131 129 1
133 129 1
137 129 1
145 129 1
161 129 1
193 129 1
257 129 1
385 129 1
2 130 1
66 130 1
98 130 1
114 130 1
122 130 1
126 130 1
128 130 1
129 130 1
130 130 733
131 130 1
132 130 1
134 130 1
138 130 1
146 130 1
162 130 1
194 130 1
258 130 1
386 130 1
3 131 1
67 131 1
99 131 1
115 131 1
123 131 1
127 131 1
129 131 1
130 131 1
131 131 739
132 131 1
133 131 1
135 131 1
139 131 1
147 131 1
163 131 1
195 131 1
259 131 1
387 131 1
4 132 1
68 132 1
100 132 1
116 132 1
124 132 1
128 132 1
130 132 1
131 132 1
132 132 743
133 132 1
134 132 1
136 132 1
140 132 1
148 132 1
164 132 1
196 132 1
260 132 1
388 132 1
5 133 1
69 133 1
101 133 1
117 133 1
125 133 1
129 133 1
131 133 1
132 133 1
133 133 751
134 133 1
135 133 1
137 133 1
141 133 1
149 133 1
165 133 1
197 133 1
261 133 1
389 133 1
6 134 1
70 134 1
102 134 1
118 134 1
126 134 1
130 134 1
132 134 1
133 134 1
134 134 757
135 134 1
136 134 1
138 134 1
142 134 1
150 134 1
166 134 1
198 134 1
262 134 1
390 134 1
7 135 1
71 135 1
103 135 1
119 135 1
127 135 1
131 135 1
133 135 1
134 135 1
135 135 761
136 135 1
137 135 1
139 135 1
143 135 1
151 135 1
167 135 1
199 135 1
263 135 1
391 135 1
8 136 1
72 136 1
104 136 1
120 136 1
128 136 1
132 136 1
134 136 1
135 136 1
136 136 769
137 136 1
138 136 1
140 136 1
144 136 1
152 136 1
168 136 1
200 136 1
264 136 1
392 136 1
9 137 1
73 137 1
105 137 1
121 137 1
129 137 1
133 137 1
135 137 1
136 137 1
137 137 773
138 137 1
139 137 1
141 137 1
145 137 1
153 137 1
169 137 1
201 137 1
265 137 1
393 137 1
10 138 1
74 138 1
106 138 1
122 138 1
130 138 1
134 138 1
136 138 1
137 138 1
138 138 787
139 138 1
140 138 1
142 138 1
146 138 1
154 138 1
170 138 1
202 138 1
266 138 1
394 138 1
11 139 1
75 139 1
107 139 1
123 139 1
131 139 1
135 139 1
137 139 1
138 139 1
139 139 797
140 139 1
141 139 1
143 139 1
147 139 1
155 139 1
171 139 1
203 139 1
267 139 1
395 139 1
12 140 1
76 140 1
108 140 1
124 140 1
132 140 1
136 140 1
138 140 1
139 140 1
140 140 809
141 140 1
142 140 1
144 140 1
148 140 1
156 140 1
172 140 1
204 140 1
268 140 1
396 140 1
13 141 1
77 141 1
109 141 1
125 141 1
133 141 1
137 141 1
139 141 1
140 141 1
141 141 811
142 141 1
143 141 1
145 141 1
149 141 1
157 141 1
173 141 1
205 141 1
269 141 1
397 141 1
14 142 1
78 142 1
110 142 1
126 142 1
134 142 1
138 142 1
140 142 1
141 142 1
142 142 821
143 142 1
144 142 1
146 142 1
150 142 1
158 142 1
174 142 1
206 142 1
270 142 1
398 142 1
15 143 1
79 143 1
111 143 1
127 143 1
135 143 1
139 143 1
141 143 1
142 143 1
143 143 823
144 143 1
145 143 1
147 143 1
151 143 1
159 143 1
175 143 1
207 143 1
271 143 1
399 143 1
16 144 1
80 144 1
112 144 1
128 144 1
136 144 1
140 144 1
142 144 1
143 144 1
144 144 827
145 144 1
146 144 1
148 144 1
152 144 1
160 144 1
176 144 1
208 144 1
272 144 1
400 144 1
17 145 1
81 145 1
113 145 1
129 145 1
137 145 1
141 145 1
143 145 1
144 145 1
145 145 829
146 145 1
147 145 1
149 145 1
153 145 1
161 145 1
177 145 1
209 145 1
273 145 1
401 145 1
18 146 1
82 146 1
114 146 1
130 146 1
138 146 1
142 146 1
144 146 1
145 146 1
146 146 839
147 146 1
148 146 1
150 146 1
154 146 1
162 146 1
178 146 1
210 146 1
274 146 1
402 146 1
19 147 1
83 147 1
115 147 1
131 147 1
139 147 1
143 147 1
145 147 1
146 147 1
147 147 853
148 147 1
149 147 1
151 147 1
155 147 1
163 147 1
179 147 1
211 147 1
275 147 1
403 147 1
20 148 1
84 148 1
116 148 1
132 148 1
140 148 1
144 148 1
146 148 1
147 148 1
148 148 857
149 148 1
150 148 1
152 148 1
156 148 1
164 148 1
180 148 1
212 148 1
276 148 1
404 148 1
21 149 1
85 149 1
117 149 1
133 149 1
141 149 1
145 149 1
147 149 1
148 149 1
149 149 859
150 149 1
151 149 1
153 149 1
157 149 1
165 149 1
181 149 1
213 149 1
277 149 1
405 149 1
22 150 1
86 150 1
118 150 1
134 150 1
142 150 1
146 150 1
148 150 1
149 150 1
150 150 863
151 150 1
152 150 1
154 150 1
158 150 1
166 150 1
182 150 1
214 150 1
278 150 1
406 150 1
23 151 1
87 151 1
119 151 1
135 151 1
143 151 1
147 151 1
149 151 1
150 151 1
151 151 877
152 151 1
153 151 1
155 151 1
159 151 1
167 151 1
183 151 1
215 151 1
279 151 1
407 151 1
24 152 1
88 152 1
120 152 1
136 152 1
144 152 1
148 152 1
150 152 1
151 152 1
152 152 881
153 152 1
154 152 1
156 152 1
160 152 1
168 152 1
184 152 1
216 152 1
280 152 1
408 152 1
25 153 1
89 153 1
121 153 1
137 153 1
145 153 1
149 153 1
151 153 1
152 153 1
153 153 883
154 153 1
155 153 1
157 153 1
161 153 1
169 153 1
185 153 1
217 153 1
281 153 1
409 153 1
26 154 1
90 154 1
122 154 1
138 154 1
146 154 1
150 154 1
152 154 1
153 154 1
154 154 887
155 154 1
156 154 1
158 154 1
162 154 1
170 154 1
186 154 1
218 154 1
282 154 1
410 154 1
27 155 1
91 155 1
123 155 1
139 155 1
147 155 1
151 155 1
153 155 1
154 155 1
155 155 907
156 155 1
157 155 1
159 155 1
163 155 1
171 155 1
187 155 1
219 155 1
283 155 1
411 155 1
28 156 1
92 156 1
124 156 1
140 156 1
148 156 1
152 156 1
154 156 1
155 156 1
156 156 911
157 156 1
158 156 1
160 156 1
164 156 1
172 156 1
188 156 1
220 156 1
284 156 1
412 156 1
29 157 1
93 157 1
125 157 1
141 157 1
149 157 1
153 157 1
155 157 1
156 157 1
157 157 919
158 157 1
159 157 1
161 157 1
165 157 1
173 157 1
189 157 1
221 157 1
285 157 1
413 157 1
30 158 1
94 158 1
126 158 1
142 158 1
150 158 1
154 158 1
156 158 1
157 158 1
158 158 929
159 158 1
160 158 1
162 158 1
166 158 1
174 158 1
190 158 1
222 158 1
286 158 1
414 158 1
31 159 1
95 159 1
127 159 1
143 159 1
151 159 1
155 159 1
157 159 1
158 159 1
159 159 937
160 159 1
161 159 1
163 159 1
167 159 1
175 159 1
191 159 1
223 159 1
287 159 1
415 159 1
32 160 1
96 160 1
128 160 1
144 160 1
152 160 1
156 160 1
158 160 1
159 160 1
160 160 941
161 160 1
162 160 1
164 160 1
168 160 1
176 160 1
192 160 1
224 160 1
288 160 1
416 160 1
33 161 1
97 161 1
129 161 1
145 161 1
153 161 1
157 161 1
159 161 1
160 161 1
161 161 947
162 161 1
163 161 1
165 161 1
169 161 1
177 161 1
193 161 1
225 161 1
289 161 1
417 161 1
34 162 1
98 162 1
130 162 1
146 162 1
154 162 1
158 162 1
160 162 1
161 162 1
162 162 953
163 162 1
164 162 1
166 162 1
170 162 1
178 162 1
194 162 1
226 162 1
290 162 1
418 162 1
35 163 1
99 163 1
131 163 1
147 163 1
155 163 1
159 163 1
161 163 1
162 163 1
163 163 967
164 163 1
165 163 1
167 163 1
171 163 1
179 163 1
195 163 1
227 163 1
291 163 1
419 163 1
36 164 1
100 164 1
132 164 1
148 164 1
156 164 1
160 164 1
162 164 1
163 164 1
164 164 971
165 164 1
166 164 1
168 164 1
172 164 1
180 164 1
196 164 1
228 164 1
292 164 1
420 164 1
37 165 1
101 165 1
133 165 1
149 165 1
157 165 1
161 165 1
163 165 1
164 165 1
165 165 977
166 165 1
167 165 1
169 165 1
173 165 1
181 165 1
197 165 1
229 165 1
293 165 1
421 165 1
38 166 1
102 166 1
134 166 1
150 166 1
158 166 1
162 166 1
164 166 1
165 166 1
166 166 983
167 166 1
168 166 1
170 166 1
174 166 1
182 166 1
198 166 1
230 166 1
294 166 1
422 166 1
39 167 1
103 167 1
135 167 1
151 167 1
159 167 1
163 167 1
165 167 1
166 167 1
167 167 991
168 167 1
169 167 1
171 167 1
175 167 1
183 167 1
199 167 1
231 167 1
295 167 1
423 167 1
40 168 1
104 168 1
136 168 1
152 168 1
160 168 1
164 168 1
166 168 1
167 168 1
168 168 997
169 168 1
170 168 1
172 168 1
176 168 1
184 168 1
200 168 1
232 168 1
296 168 1
424 168 1
41 169 1
105 169 1
137 169 1
153 169 1
161 169 1
165 169 1
167 169 1
168 169 1
169 169 1009
170 169 1
171 169 1
173 169 1
177 169 1
185 169 1
201 169 1
233 169 1
297 169 1
425 169 1
42 170 1
106 170 1
138 170 1
154 170 1
162 170 1
166 170 1
168 170 1
169 170 1
170 170 1013
171 170 1
172 170 1
174 170 1
178 170 1
186 170 1
202 170 1
234 170 1
298 170 1
426 170 1
43 171 1
107 171 1
139 171 1
155 171 1
163 171 1
167 171 1
169 171 1
170 171 1
171 171 1019
172 171 1
173 171 1
175 171 1
179 171 1
187 171 1
203 171 1
235 171 1
299 171 1
427 171 1
44 172 1
108 172 1
140 172 1
156 172 1
164 172 1
168 172 1
170 172 1
171 172 1
172 172 1021
173 172 1
174 172 1
176 172 1
180 172 1
188 172 1
204 172 1
236 172 1
300 172 1
428 172 1
45 173 1
109 173 1
141 173 1
157 173 1
165 173 1
169 173 1
171 173 1
172 173 1
173 173 1031
174 173 1
175 173 1
177 173 1
181 173 1
189 173 1
205 173 1
237 173 1
301 173 1
429 173 1
46 174 1
110 174 1
142 174 1
158 174 1
166 174 1
170 174 1
172 174 1
173 174 1
174 174 1033
175 174 1
176 174 1
178 174 1
182 174 1
190 174 1
206 174 1
238 174 1
302 174 1
430 174 1
47 175 1
111 175 1
143 175 1
159 175 1
167 175 1
171 175 1
173 175 1
174 175 1
175 175 1039
176 175 1
177 175 1
179 175 1
183 175 1
191 175 1
207 175 1
239 175 1
303 175 1
431 175 1
48 176 1
112 176 1
144 176 1
160 176 1
168 176 1
172 176 1
174 176 1
175 176 1
176 176 1049
177 176 1
178 176 1
180 176 1
184 176 1
192 176 1
208 176 1
240 176 1
304 176 1
432 176 1
49 177 1
113 177 1
145 177 1
161 177 1
169 177 1
173 177 1
175 177 1
176 177 1
177 177 1051
178 177 1
179 177 1
181 177 1
185 177 1
193 177 1
209 177 1
241 177 1
305 177 1
433 177 1
50 178 1
114 178 1
146 178 1
162 178 1
170 178 1
174 178 1
176 178 1
177 178 1
178 178 1061
179 178 1
180 178 1
182 178 1
186 178 1
194 178 1
210 178 1
242 178 1
306 178 1
434 178 1
51 179 1
115 179 1
147 179 1
163 179 1
171 179 1
175 179 1
177 179 1
178 179 1
179 179 1063
180 179 1
181 179 1
183 179 1
187 179 1
195 179 1
211 179 1
243 179 1
307 179 1
435 179 1
52 180 1
116 180 1
148 180 1
164 180 1
172 180 1
176 180 1
178 180 1
179 180 1
180 180 1069
181 180 1
182 180 1
184 180 1
188 180 1
196 180 1
212 180 1
244 180 1
308 180 1
436 180 1
53 181 1
117 181 1
149 181 1
165 181 1
173 181 1
177 181 1
179 181 1
180 181 1
181 181 1087
182 181 1
183 181 1
185 181 1
189 181 1
197 181 1
213 181 1
245 181 1
309 181 1
437 181 1
54 182 1
118 182 1
150 182 1
166 182 1
174 182 1
178 182 1
180 182 1
181 182 1
182 182 1091
183 182 1
184 182 1
186 182 1
190 182 1
198 182 1
214 182 1
246 182 1
310 182 1
438 182 1
55 183 1
119 183 1
151 183 1
167 183 1
175 183 1
179 183 1
181 183 1
182 183 1
183 183 1093
184 183 1
185 183 1
187 183 1
191 183 1
199 183 1
215 183 1
247 183 1
311 183 1
439 183 1
56 184 1
120 184 1
152 184 1
168 184 1
176 184 1
180 184 1
182 184 1
183 184 1
184 184 1097
185 184 1
186 184 1
188 184 1
192 184 1
200 184 1
216 184 1
248 184 1
312 184 1
440 184 1
57 185 1
121 185 1
153 185 1
169 185 1
177 185 1
181 185 1
183 185 1
184 185 1
185 185 1103
186 185 1
187 185 1
189 185 1
193 185 1
201 185 1
217 185 1
249 185 1
313 185 1
441 185 1
58 186 1
122 186 1
154 186 1
170 186 1
178 186 1
182 186 1
184 186 1
185 186 1
186 186 1109
187 186 1
188 186 1
190 186 1
194 186 1
202 186 1
218 186 1
250 186 1
314 186 1
442 186 1
59 187 1
123 187 1
155 187 1
171 187 1
179 187 1
183 187 1
185 187 1
186 187 1
187 187 1117
188 187 1
189 187 1
191 187 1
195 187 1
203 187 1
219 187 1
251 187 1
315 187 1
443 187 1
60 188 1
124 188 1
156 188 1
172 188 1
180 188 1
184 188 1
186 188 1
187 188 1
188 188 1123
189 188 1
190 188 1
192 188 1
196 188 1
204 188 1
220 188 1
252 188 1
316 188 1
444 188 1
61 189 1
125 189 1
157 189 1
173 189 1
181 189 1
185 189 1
187 189 1
188 189 1
189 189 1129
190 189 1
191 189 1
193 189 1
197 189 1
205 189 1
221 189 1
253 189 1
317 189 1
445 189 1
62 190 1
126 190 1
158 190 1
174 190 1
182 190 1
186 190 1
188 190 1
189 190 1
190 190 1151
191 190 1
192 190 1
194 190 1
198 190 1
206 190 1
222 190 1
254 190 1
318 190 1
446 190 1
63 191 1
127 191 1
159 191 1
175 191 1
183 191 1
187 191 1
189 191 1
190 191 1
191 191 1153
192 191 1
193 191 1
195 191 1
199 191 1
207 191 1
223 191 1
255 191 1
319 191 1
447 191 1
64 192 1
128 192 1
160 192 1
176 192 1
184 192 1
188 192 1
190 192 1
191 192 1
192 192 1163
193 192 1
194 192 1
196 192 1
200 192 1
208 192 1
224 192 1
256 192 1
320 192 1
448 192 1
65 193 1
129 193 1
161 193 1
177 193 1
185 193 1
189 193 1
191 193 1
192 193 1
193 193 1171
194 193 1
195 193 1
197 193 1
201 193 1
209 193 1
225 193 1
257 193 1
321 193 1
449 193 1
66 194 1
130 194 1
162 194 1
178 194 1
186 194 1
190 194 1
192 194 1
193 194 1
194 194 1181
195 194 1
196 194 1
198 194 1
202 194 1
210 194 1
226 194 1
258 194 1
322 194 1
450 194 1
67 195 1
131 195 1
163 195 1
179 195 1
187 195 1
191 195 1
193 195 1
194 195 1
195 195 1187
196 195 1
197 195 1
199 195 1
203 195 1
211 195 1
227 195 1
259 195 1
323 195 1
451 195 1
68 196 1
132 196 1
164 196 1
180 196 1
188 196 1
192 196 1
194 196 1
195 196 1
196 196 1193
197 196 1
198 196 1
200 196 1
204 196 1
212 196 1
228 196 1
260 196 1
324 196 1
452 196 1
69 197 1
133 197 1
165 197 1
181 197 1
189 197 1
193 197 1
195 197 1
196 197 1
197 197 1201
198 197 1
199 197 1
201 197 1
205 197 1
213 197 1
229 197 1
261 197 1
325 197 1
453 197 1
70 198 1
134 198 1
166 198 1
182 198 1
190 198 1
194 198 1
196 198 1
197 198 1
198 198 1213
199 198 1
200 198 1
202 198 1
206 198 1
214 198 1
230 198 1
262 198 1
326 198 1
454 198 1
71 199 1
135 199 1
167 199 1
183 199 1
191 199 1
195 199 1
197 199 1
198 199 1
199 199 1217
200 199 1
201 199 1
203 199 1
207 199 1
215 199 1
231 199 1
263 199 1
327 199 1
455 199 1
72 200 1
136 200 1
168 200 1
184 200 1
192 200 1
196 200 1
198 200 1
199 200 1
200 200 1223
201 200 1
202 200 1
204 200 1
208 200 1
216 200 1
232 200 1
264 200 1
328 200 1
456 200 1
73 201 1
137 201 1
169 201 1
185 201 1
193 201 1
197 201 1
199 201 1
200 201 1
201 201 1229
202 201 1
203 201 1
205 201 1
209 201 1
217 201 1
233 201 1
265 201 1
329 201 1
457 201 1
74 202 1
138 202 1
170 202 1
186 202 1
194 202 1
198 202 1
200 202 1
201 202 1
202 202 1231
203 202 1
204 202 1
206 202 1
210 202 1
218 202 1
234 202 1
266 202 1
330 202 1
458 202 1
75 203 1
139 203 1
171 203 1
187 203 1
195 203 1
199 203 1
201 203 1
202 203 1
203 203 1237
204 203 1
205 203 1
207 203 1
211 203 1
219 203 1
235 203 1
267 203 1
331 203 1
459 203 1
76 204 1
140 204 1
172 204 1
188 204 1
196 204 1
200 204 1
202 204 1
203 204 1
204 204 1249
205 204 1
206 204 1
208 204 1
212 204 1
220 204 1
236 204 1
268 204 1
332 204 1
460 204 1
77 205 1
141 205 1
173 205 1
189 205 1
197 205 1
201 205 1
203 205 1
204 205 1
205 205 1259
206 205 1
207 205 1
209 205 1
213 205 1
221 205 1
237 205 1
269 205 1
333 205 1
461 205 1
78 206 1
142 206 1
174 206 1
190 206 1
198 206 1
202 206 1
204 206 1
205 206 1
206 206 1277
207 206 1
208 206 1
210 206 1
214 206 1
222 206 1
238 206 1
270 206 1
334 206 1
462 206 1
79 207 1
143 207 1
175 207 1
191 207 1
199 207 1
203 207 1
205 207 1
206 207 1
207 207 1279
208 207 1
209 207 1
211 207 1
215 207 1
223 207 1
239 207 1
271 207 1
335 207 1
463 207 1
80 208 1
144 208 1
176 208 1
192 208 1
200 208 1
204 208 1
206 208 1
207 208 1
208 208 1283
209 208 1
210 208 1
212 208 1
216 208 1
224 208 1
240 208 1
272 208 1
336 208 1
464 208 1
81 209 1
145 209 1
177 209 1
193 209 1
201 209 1
205 209 1
207 209 1
208 209 1
209 209 1289
210 209 1
211 209 1
213 209 1
217 209 1
225 209 1
241 209 1
273 209 1
337 209 1
465 209 1
82 210 1
146 210 1
178 210 1
194 210 1
202 210 1
206 210 1
208 210 1
209 210 1
210 210 1291
211 210 1
212 210 1
214 210 1
218 210 1
226 210 1
242 210 1
274 210 1
338 210 1
466 210 1
83 211 1
147 211 1
179 211 1
195 211 1
203 211 1
207 211 1
209 211 1
210 211 1
211 211 1297
212 211 1
213 211 1
215 211 1
219 211 1
227 211 1
243 211 1
275 211 1
339 211 1
467 211 1
84 212 1
148 212 1
180 212 1
196 212 1
204 212 1
208 212 1
210 212 1
211 212 1
212 212 1301
213 212 1
214 212 1
216 212 1
220 212 1
228 212 1
244 212 1
276 212 1
340 212 1
468 212 1
85 213 1
149 213 1
181 213 1
197 213 1
205 213 1
209 213 1
211 213 1
212 213 1
213 213 1303
214 213 1
215 213 1
217 213 1
221 213 1
229 213 1
245 213 1
277 213 1
341 213 1
469 213 1
86 214 1
150 214 1
182 214 1
198 214 1
206 214 1
210 214 1
212 214 1
213 214 1
214 214 1307
215 214 1
216 214 1
218 214 1
222 214 1
230 214 1
246 214 1
278 214 1
342 214 1
470 214 1
87 215 1
151 215 1
183 215 1
199 215 1
207 215 1
211 215 1
213 215 1
214 215 1
215 215 1319
216 215 1
217 215 1
219 215 1
223 215 1
231 215 1
247 215 1
279 215 1
343 215 1
471 215 1
88 216 1
152 216 1
184 216 1
200 216 1
208 216 1
212 216 1
214 216 1
215 216 1
216 216 1321
217 216 1
218 216 1
220 216 1
224 216 1
232 216 1
248 216 1
280 216 1
344 216 1
472 216 1
89 217 1
153 217 1
185 217 1
201 217 1
209 217 1
213 217 1
215 217 1
216 217 1
217 217 1327
218 217 1
219 217 1
221 217 1
225 217 1
233 217 1
249 217 1
281 217 1
345 217 1
473 217 1
90 218 1
154 218 1
186 218 1
202 218 1
210 218 1
214 218 1
216 218 1
217 218 1
218 218 1361
219 218 1
220 218 1
222 218 1
226 218 1
234 218 1
250 218 1
282 218 1
346 218 1
474 218 1
91 219 1
155 219 1
187 219 1
203 219 1
211 219 1
215 219 1
217 219 1
218 219 1
219 219 1367
220 219 1
221 219 1
223 219 1
227 219 1
235 219 1
251 219 1
283 219 1
347 219 1
475 219 1
92 220 1
156 220 1
188 220 1
204 220 1
212 220 1
216 220 1
218 220 1
219 220 1
220 220 1373
221 220 1
222 220 1
224 220 1
228 220 1
236 220 1
252 220 1
284 220 1
348 220 1
476 220 1
93 221 1
157 221 1
189 221 1
205 221 1
213 221 1
217 221 1
219 221 1
220 221 1
221 221 1381
222 221 1
223 221 1
225 221 1
229 221 1
237 221 1
253 221 1
285 221 1
349 221 1
477 221 1
94 222 1
158 222 1
190 222 1
206 222 1
214 222 1
218 222 1
220 222 1
221 222 1
222 222 1399
223 222 1
224 222 1
226 222 1
230 222 1
238 222 1
254 222 1
286 222 1
350 222 1
478 222 1
95 223 1
159 223 1
191 223 1
207 223 1
215 223 1
219 223 1
221 223 1
222 223 1
223 223 1409
224 223 1
225 223 1
227 223 1
231 223 1
239 223 1
255 223 1
287 223 1
351 223 1
479 223 1
96 224 1
160 224 1
192 224 1
208 224 1
216 224 1
220 224 1
222 224 1
223 224 1
224 224 1423
225 224 1
226 224 1
228 224 1
232 224 1
240 224 1
256 224 1
288 224 1
352 224 1
480 224 1
97 225 1
161 225 1
193 225 1
209 225 1
217 225 1
221 225 1
223 225 1
224 225 1
225 225 1427
226 225 1
227 225 1
229 225 1
233 225 1
241 225 1
257 225 1
289 225 1
353 225 1
481 225 1
98 226 1
162 226 1
194 226 1
210 226 1
218 226 1
222 226 1
224 226 1
225 226 1
226 226 1429
227 226 1
228 226 1
230 226 1
234 226 1
242 226 1
258 226 1
290 226 1
354 226 1
482 226 1
99 227 1
163 227 1
195 227 1
211 227 1
219 227 1
223 227 1
225 227 1
226 227 1
227 227 1433
228 227 1
229 227 1
231 227 1
235 227 1
243 227 1
259 227 1
291 227 1
355 227 1
483 227 1
100 228 1
164 228 1
196 228 1
212 228 1
220 228 1
224 228 1
226 228 1
227 228 1
228 228 1439
229 228 1
230 228 1
232 228 1
236 228 1
244 228 1
260 228 1
292 228 1
356 228 1
484 228 1
101 229 1
165 229 1
197 229 1
213 229 1
221 229 1
225 229 1
227 229 1
228 229 1
229 229 1447
230 229 1
231 229 1
233 229 1
237 229 1
245 229 1
261 229 1
293 229 1
357 229 1
485 229 1
102 230 1
166 230 1
198 230 1
214 230 1
222 230 1
226 230 1
228 230 1
229 230 1
230 230 1451
231 230 1
232 230 1
234 230 1
238 230 1
246 230 1
262 230 1
294 230 1
358 230 1
486 230 1
103 231 1
167 231 1
199 231 1
215 231 1
223 231 1
227 231 1
229 231 1
230 231 1
231 231 1453
232 231 1
233 231 1
235 231 1
239 231 1
247 231 1
263 231 1
295 231 1
359 231 1
487 231 1
104 232 1
168 232 1
200 232 1
216 232 1
224 232 1
228 232 1
230 232 1
231 232 1
232 232 1459
233 232 1
234 232 1
236 232 1
240 232 1
248 232 1
264 232 1
296 232 1
360 232 1
488 232 1
105 233 1
169 233 1
201 233 1
217 233 1
225 233 1
229 233 1
231 233 1
232 233 1
233 233 1471
234 233 1
235 233 1
237 233 1
241 233 1
249 233 1
265 233 1
297 233 1
361 233 1
489 233 1
106 234 1
170 234 1
202 234 1
218 234 1
226 234 1
230 234 1
232 234 1
233 234 1
234 234 1481
235 234 1
236 234 1
238 234 1
242 234 1
250 234 1
266 234 1
298 234 1
362 234 1
490 234 1
107 235 1
171 235 1
203 235 1
219 235 1
227 235 1
231 235 1
233 235 1
234 235 1
235 235 1483
236 235 1
237 235 1
239 235 1
243 235 1
251 235 1
267 235 1
299 235 1
363 235 1
491 235 1
108 236 1
172 236 1
204 236 1
220 236 1
228 236 1
232 236 1
234 236 1
235 236 1
236 236 1487
237 236 1
238 236 1
240 236 1
244 236 1
252 236 1
268 236 1
300 236 1
364 236 1
492 236 1
109 237 1
173 237 1
205 237 1
221 237 1
229 237 1
233 237 1
235 237 1
236 237 1
237 237 1489
238 237 1
239 237 1
241 237 1
245 237 1
253 237 1
269 237 1
301 237 1
365 237 1
493 237 1
110 238 1
174 238 1
206 238 1
222 238 1
230 238 1
234 238 1
236 238 1
237 238 1
238 238 1493
239 238 1
240 238 1
242 238 1
246 238 1
254 238 1
270 238 1
302 238 1
366 238 1
494 238 1
111 239 1
175 239 1
207 239 1
223 239 1
231 239 1
235 239 1
237 239 1
238 239 1
239 239 1499
240 239 1
241 239 1
243 239 1
247 239 1
255 239 1
271 239 1
303 239 1
367 239 1
495 239 1
112 240 1
176 240 1
208 240 1
224 240 1
232 240 1
236 240 1
238 240 1
239 240 1
240 240 1511
241 240 1
242 240 1
244 240 1
248 240 1
256 240 1
272 240 1
304 240 1
368 240 1
496 240 1
113 241 1
177 241 1
209 241 1
225 241 1
233 241 1
237 241 1
239 241 1
240 241 1
241 241 1523
242 241 1
243 241 1
245 241 1
249 241 1
257 241 1
273 241 1
305 241 1
369 241 1
497 241 1
114 242 1
178 242 1
210 242 1
226 242 1
234 242 1
238 242 1
240 242 1
241 242 1
242 242 1531
243 242 1
244 242 1
246 242 1
250 242 1
258 242 1
274 242 1
306 242 1
370 242 1
498 242 1
115 243 1
179 243 1
211 243 1
227 243 1
235 243 1
239 243 1
241 243 1
242 243 1
243 243 1543
244 243 1
245 243 1
247 243 1
251 243 1
259 243 1
275 243 1
307 243 1
371 243 1
499 243 1
116 244 1
180 244 1
212 244 1
228 244 1
236 244 1
240 244 1
242 244 1
243 244 1
244 244 1549
245 244 1
246 244 1
248 244 1
252 244 1
260 244 1
276 244 1
308 244 1
372 244 1
500 244 1
117 245 1
181 245 1
213 245 1
229 245 1
237 245 1
241 245 1
243 245 1
244 245 1
245 245 1553
246 245 1
247 245 1
249 245 1
253 245 1
261 245 1
277 245 1
309 245 1
373 245 1
118 246 1
182 246 1
214 246 1
230 246 1
238 246 1
242 246 1
244 246 1
245 246 1
246 246 1559
247 246 1
248 246 1
250 246 1
254 246 1
262 246 1
278 246 1
310 246 1
374 246 1
119 247 1
183 247 1
215 247 1
231 247 1
239 247 1
243 247 1
245 247 1
246 247 1
247 247 1567
248 247 1
249 247 1
251 247 1
255 247 1
263 247 1
279 247 1
311 247 1
375 247 1
120 248 1
184 248 1
216 248 1
232 248 1
240 248 1
244 248 1
246 248 1
247 248 1
248 248 1571
249 248 1
250 248 1
252 248 1
256 248 1
264 248 1
280 248 1
312 248 1
376 248 1
121 249 1
185 249 1
217 249 1
233 249 1
241 249 1
245 249 1
247 249 1
248 249 1
249 249 1579
250 249 1
251 249 1
253 249 1
257 249 1
265 249 1
281 249 1
313 249 1
377 249 1
122 250 1
186 250 1
218 250 1
234 250 1
242 250 1
246 250 1
248 250 1
249 250 1
250 250 1583
251 250 1
252 250 1
254 250 1
258 250 1
266 250 1
282 250 1
314 250 1
378 250 1
123 251 1
187 251 1
219 251 1
235 251 1
243 251 1
247 251 1
249 251 1
250 251 1
251 251 1597
252 251 1
253 251 1
255 251 1
259 251 1
267 251 1
283 251 1
315 251 1
379 251 1
124 252 1
188 252 1
220 252 1
236 252 1
244 252 1
248 252 1
250 252 1
251 252 1
252 252 1601
253 252 1
254 252 1
256 252 1
260 252 1
268 252 1
284 252 1
316 252 1
380 252 1
125 253 1
189 253 1
221 253 1
237 253 1
245 253 1
249 253 1
251 253 1
252 253 1
253 253 1607
254 253 1
255 253 1
257 253 1
261 253 1
269 253 1
285 253 1
317 253 1
381 253 1
126 254 1
190 254 1
222 254 1
238 254 1
246 254 1
250 254 1
252 254 1
253 254 1
254 254 1609
255 254 1
256 254 1
258 254 1
262 254 1
270 254 1
286 254 1
318 254 1
382 254 1
127 255 1
191 255 1
223 255 1
239 255 1
247 255 1
251 255 1
253 255 1
254 255 1
255 255 1613
256 255 1
257 255 1
259 255 1
263 255 1
271 255 1
287 255 1
319 255 1
383 255 1
128 256 1
192 256 1
224 256 1
240 256 1
248 256 1
252 256 1
254 256 1
255 256 1
256 256 1619
257 256 1
258 256 1
260 256 1
264 256 1
272 256 1
288 256 1
320 256 1
384 256 1
1 257 1
129 257 1
193 257 1
225 257 1
241 257 1
249 257 1
253 257 1
255 257 1
256 257 1
257 257 1621
258 257 1
259 257 1
261 257 1
265 257 1
273 257 1
289 257 1
321 257 1
385 257 1
2 258 1
130 258 1
194 258 1
226 258 1
242 258 1
250 258 1
254 258 1
256 258 1
257 258 1
258 258 1627
259 258 1
260 258 1
262 258 1
266 258 1
274 258 1
290 258 1
322 258 1
386 258 1
3 259 1
131 259 1
195 259 1
227 259 1
243 259 1
251 259 1
255 259 1
257 259 1
258 259 1
259 259 1637
260 259 1
261 259 1
263 259 1
267 259 1
275 259 1
291 259 1
323 259 1
387 259 1
4 260 1
132 260 1
196 260 1
228 260 1
244 260 1
252 260 1
256 260 1
258 260 1
259 260 1
260 260 1657
261 260 1
262 260 1
264 260 1
268 260 1
276 260 1
292 260 1
324 260 1
388 260 1
5 261 1
133 261 1
197 261 1
229 261 1
245 261 1
253 261 1
257 261 1
259 261 1
260 261 1
261 261 1663
262 261 1
263 261 1
265 261 1
269 261 1
277 261 1
293 261 1
325 261 1
389 261 1
6 262 1
134 262 1
198 262 1
230 262 1
246 262 1
254 262 1
258 262 1
260 262 1
261 262 1
262 262 1667
263 262 1
264 262 1
266 262 1
270 262 1
278 262 1
294 262 1
326 262 1
390 262 1
7 263 1
135 263 1
199 263 1
231 263 1
247 263 1
255 263 1
259 263 1
261 263 1
262 263 1
263 263 1669
264 263 1
265 263 1
267 263 1
271 263 1
279 263 1
295 263 1
327 263 1
391 263 1
8 264 1
136 264 1
200 264 1
232 264 1
248 264 1
256 264 1
260 264 1
262 264 1
263 264 1
264 264 1693
265 264 1
266 264 1
268 264 1
272 264 1
280 264 1
296 264 1
328 264 1
392 264 1
9 265 1
137 265 1
201 265 1
233 265 1
249 265 1
257 265 1
261 265 1
263 265 1
264 265 1
265 265 1697
266 265 1
267 265 1
269 265 1
273 265 1
281 265 1
297 265 1
329 265 1
393 265 1
10 266 1
138 266 1
202 266 1
234 266 1
250 266 1
258 266 1
262 266 1
264 266 1
265 266 1
266 266 1699
267 266 1
268 266 1
270 266 1
274 266 1
282 266 1
298 266 1
330 266 1
394 266 1
11 267 1
139 267 1
203 267 1
235 267 1
251 267 1
259 267 1
263 267 1
265 267 1
266 267 1
267 267 1709
268 267 1
269 267 1
271 267 1
275 267 1
283 267 1
299 267 1
331 267 1
395 267 1
12 268 1
140 268 1
204 268 1
236 268 1
252 268 1
260 268 1
264 268 1
266 268 1
267 268 1
268 268 1721
269 268 1
270 268 1
272 268 1
276 268 1
284 268 1
300 268 1
332 268 1
396 268 1
13 269 1
141 269 1
205 269 1
237 269 1
253 269 1
261 269 1
265 269 1
267 269 1
268 269 1
269 269 1723
270 269 1
271 269 1
273 269 1
277 269 1
285 269 1
301 269 1
333 269 1
397 269 1
14 270 1
142 270 1
206 270 1
238 270 1
254 270 1
262 270 1
266 270 1
268 270 1
269 270 1
270 270 1733
271 270 1
272 270 1
274 270 1
278 270 1
286 270 1
302 270 1
334 270 1
398 270 1
15 271 1
143 271 1
207 271 1
239 271 1
255 271 1
263 271 1
267 271 1
269 271 1
270 271 1
271 271 1741
272 271 1
273 271 1
275 271 1
279 271 1
287 271 1
303 271 1
335 271 1
399 271 1
16 272 1
144 272 1
208 272 1
240 272 1
256 272 1
264 272 1
268 272 1
270 272 1
271 272 1
272 272 1747
273 272 1
274 272 1
276 272 1
280 272 1
288 272 1
304 272 1
336 272 1
400 272 1
17 273 1
145 273 1
209 273 1
241 273 1
257 273 1
265 273 1
269 273 1
271 273 1
272 273 1
273 273 1753
274 273 1
275 273 1
277 273 1
281 273 1
289 273 1
305 273 1
337 273 1
401 273 1
18 274 1
146 274 1
210 274 1
242 274 1
258 274 1
266 274 1
270 274 1
272 274 1
273 274 1
274 274 1759
275 274 1
276 274 1
278 274 1
282 274 1
290 274 1
306 274 1
338 274 1
402 274 1
19 275 1
147 275 1
211 275 1
243 275 1
259 275 1
267 275 1
271 275 1
273 275 1
274 275 1
275 275 1777
276 275 1
277 275 1
279 275 1
283 275 1
291 275 1
307 275 1
339 275 1
403 275 1
20 276 1
148 276 1
212 276 1
244 276 1
260 276 1
268 276 1
272 276 1
274 276 1
275 276 1
276 276 1783
277 276 1
278 276 1
280 276 1
284 276 1
292 276 1
308 276 1
340 276 1
404 276 1
21 277 1
149 277 1
213 277 1
245 277 1
261 277 1
269 277 1
273 277 1
275 277 1
276 277 1
277 277 1787
278 277 1
279 277 1
281 277 1
285 277 1
293 277 1
309 277 1
341 277 1
405 277 1
22 278 1
150 278 1
214 278 1
246 278 1
262 278 1
270 278 1
274 278 1
276 278 1
277 278 1
278 278 1789
279 278 1
280 278 1
282 278 1
286 278 1
294 278 1
310 278 1
342 278 1
406 278 1
23 279 1
151 279 1
215 279 1
247 279 1
263 279 1
271 279 1
275 279 1
277 279 1
278 279 1
279 279 1801
280 279 1
281 279 1
283 279 1
287 279 1
295 279 1
311 279 1
343 279 1
407 279 1
24 280 1
152 280 1
216 280 1
248 280 1
264 280 1
272 280 1
276 280 1
278 280 1
279 280 1
280 280 1811
281 280 1
282 280 1
284 280 1
288 280 1
296 280 1
312 280 1
344 280 1
408 280 1
25 281 1
153 281 1
217 281 1
249 281 1
265 281 1
273 281 1
277 281 1
279 281 1
280 281 1
281 281 1823
282 281 1
283 281 1
285 281 1
289 281 1
297 281 1
313 281 1
345 281 1
409 281 1
26 282 1
154 282 1
218 282 1
250 282 1
266 282 1
274 282 1
278 282 1
280 282 1
281 282 1
282 282 1831
283 282 1
284 282 1
286 282 1
290 282 1
298 282 1
314 282 1
346 282 1
410 282 1
27 283 1
155 283 1
219 283 1
251 283 1
267 283 1
275 283 1
279 283 1
281 283 1
282 283 1
283 283 1847
284 283 1
285 283 1
287 283 1
291 283 1
299 283 1
315 283 1
347 283 1
411 283 1
28 284 1
156 284 1
220 284 1
252 284 1
268 284 1
276 284 1
280 284 1
282 284 1
283 284 1
284 284 1861
285 284 1
286 284 1
288 284 1
292 284 1
300 284 1
316 284 1
348 284 1
412 284 1
29 285 1
157 285 1
221 285 1
253 285 1
269 285 1
277 285 1
281 285 1
283 285 1
284 285 1
285 285 1867
286 285 1
287 285 1
289 285 1
293 285 1
301 285 1
317 285 1
349 285 1
413 285 1
30 286 1
158 286 1
222 286 1
254 286 1
270 286 1
278 286 1
282 286 1
284 286 1
285 286 1
286 286 1871
287 286 1
288 286 1
290 286 1
294 286 1
302 286 1
318 286 1
350 286 1
414 286 1
31 287 1
159 287 1
223 287 1
255 287 1
271 287 1
279 287 1
283 287 1
285 287 1
286 287 1
287 287 1873
288 287 1
289 287 1
291 287 1
295 287 1
303 287 1
319 287 1
351 287 1
415 287 1
32 288 1
160 288 1
224 288 1
256 288 1
272 288 1
280 288 1
284 288 1
286 288 1
287 288 1
288 288 1877
289 288 1
290 288 1
292 288 1
296 288 1
304 288 1
320 288 1
352 288 1
416 288 1
33 289 1
161 289 1
225 289 1
257 289 1
273 289 1
281 289 1
285 289 1
287 289 1
288 289 1
289 289 1879
290 289 1
291 289 1
293 289 1
297 289 1
305 289 1
321 289 1
353 289 1
417 289 1
34 290 1
162 290 1
226 290 1
258 290 1
274 290 1
282 290 1
286 290 1
288 290 1
289 290 1
290 290 1889
291 290 1
292 290 1
294 290 1
298 290 1
306 290 1
322 290 1
354 290 1
418 290 1
35 291 1
163 291 1
227 291 1
259 291 1
275 291 1
283 291 1
287 291 1
289 291 1
290 291 1
291 291 1901
292 291 1
293 291 1
295 291 1
299 291 1
307 291 1
323 291 1
355 291 1
419 291 1
36 292 1
164 292 1
228 292 1
260 292 1
276 292 1
284 292 1
288 292 1
290 292 1
291 292 1
292 292 1907
293 292 1
294 292 1
296 292 1
300 292 1
308 292 1
324 292 1
356 292 1
420 292 1
37 293 1
165 293 1
229 293 1
261 293 1
277 293 1
285 293 1
289 293 1
291 293 1
292 293 1
293 293 1913
294 293 1
295 293 1
297 293 1
301 293 1
309 293 1
325 293 1
357 293 1
421 293 1
38 294 1
166 294 1
230 294 1
262 294 1
278 294 1
286 294 1
290 294 1
292 294 1
293 294 1
294 294 1931
295 294 1
296 294 1
298 294 1
302 294 1
310 294 1
326 294 1
358 294 1
422 294 1
39 295 1
167 295 1
231 295 1
263 295 1
279 295 1
287 295 1
291 295 1
293 295 1
294 295 1
295 295 1933
296 295 1
297 295 1
299 295 1
303 295 1
311 295 1
327 295 1
359 295 1
423 295 1
40 296 1
168 296 1
232 296 1
264 296 1
280 296 1
288 296 1
292 296 1
294 296 1
295 296 1
296 296 1949
297 296 1
298 296 1
300 296 1
304 296 1
312 296 1
328 296 1
360 296 1
424 296 1
41 297 1
169 297 1
233 297 1
265 297 1
281 297 1
289 297 1
293 297 1
295 297 1
296 297 1
297 297 1951
298 297 1
299 297 1
301 297 1
305 297 1
313 297 1
329 297 1
361 297 1
425 297 1
42 298 1
170 298 1
234 298 1
266 298 1
282 298 1
290 298 1
294 298 1
296 298 1
297 298 1
298 298 1973
299 298 1
300 298 1
302 298 1
306 298 1
314 298 1
330 298 1
362 298 1
426 298 1
43 299 1
171 299 1
235 299 1
267 299 1
283 299 1
291 299 1
295 299 1
297 299 1
298 299 1
299 299 1979
300 299 1
301 299 1
303 299 1
307 299 1
315 299 1
331 299 1
363 299 1
427 299 1
44 300 1
172 300 1
236 300 1
268 300 1
284 300 1
292 300 1
296 300 1
298 300 1
299 300 1
300 300 1987
301 300 1
302 300 1
304 300 1
308 300 1
316 300 1
332 300 1
364 300 1
428 300 1
45 301 1
173 301 1
237 301 1
269 301 1
285 301 1
293 301 1
297 301 1
299 301 1
300 301 1
301 301 1993
302 301 1
303 301 1
305 301 1
309 301 1
317 301 1
333 301 1
365 301 1
429 301 1
46 302 1
174 302 1
238 302 1
270 302 1
286 302 1
294 302 1
298 302 1
300 302 1
301 302 1
302 302 1997
303 302 1
304 302 1
306 302 1
310 302 1
318 302 1
334 302 1
366 302 1
430 302 1
47 303 1
175 303 1
239 303 1
271 303 1
287 303 1
295 303 1
299 303 1
301 303 1
302 303 1
303 303 1999
304 303 1
305 303 1
307 303 1
311 303 1
319 303 1
335 303 1
367 303 1
431 303 1
48 304 1
176 304 1
240 304 1
272 304 1
288 304 1
296 304 1
300 304 1
302 304 1
303 304 1
304 304 2003
305 304 1
306 304 1
308 304 1
312 304 1
320 304 1
336 304 1
368 304 1
432 304 1
49 305 1
177 305 1
241 305 1
273 305 1
289 305 1
297 305 1
301 305 1
303 305 1
304 305 1
305 305 2011
306 305 1
307 305 1
309 305 1
313 305 1
321 305 1
337 305 1
369 305 1
433 305 1
50 306 1
178 306 1
242 306 1
274 306 1
290 306 1
298 306 1
302 306 1
304 306 1
305 306 1
306 306 2017
307 306 1
308 306 1
310 306 1
314 306 1
322 306 1
338 306 1
370 306 1
434 306 1
51 307 1
179 307 1
243 307 1
275 307 1
291 307 1
299 307 1
303 307 1
305 307 1
306 307 1
307 307 2027
308 307 1
309 307 1
311 307 1
315 307 1
323 307 1
339 307 1
371 307 1
435 307 1
52 308 1
180 308 1
244 308 1
276 308 1
292 308 1
300 308 1
304 308 1
306 308 1
307 308 1
308 308 2029
309 308 1
310 308 1
312 308 1
316 308 1
324 308 1
340 308 1
372 308 1
436 308 1
53 309 1
181 309 1
245 309 1
277 309 1
293 309 1
301 309 1
305 309 1
307 309 1
308 309 1
309 309 2039
310 309 1
311 309 1
313 309 1
317 309 1
325 309 1
341 309 1
373 309 1
437 309 1
54 310 1
182 310 1
246 310 1
278 310 1
294 310 1
302 310 1
306 310 1
308 310 1
309 310 1
310 310 2053
311 310 1
312 310 1
314 310 1
318 310 1
326 310 1
342 310 1
374 310 1
438 310 1
55 311 1
183 311 1
247 311 1
279 311 1
295 311 1
303 311 1
307 311 1
309 311 1
310 311 1
311 311 2063
312 311 1
313 311 1
315 311 1
319 311 1
327 311 1
343 311 1
375 311 1
439 311 1
56 312 1
184 312 1
248 312 1
280 312 1
296 312 1
304 312 1
308 312 1
310 312 1
311 312 1
312 312 2069
313 312 1
314 312 1
316 312 1
320 312 1
328 312 1
344 312 1
376 312 1
440 312 1
57 313 1
185 313 1
249 313 1
281 313 1
297 313 1
305 313 1
309 313 1
311 313 1
312 313 1
313 313 2081
314 313 1
315 313 1
317 313 1
321 313 1
329 313 1
345 313 1
377 313 1
441 313 1
58 314 1
186 314 1
250 314 1
282 314 1
298 314 1
306 314 1
310 314 1
312 314 1
313 314 1
314 314 2083
315 314 1
316 314 1
318 314 1
322 314 1
330 314 1
346 314 1
378 314 1
442 314 1
59 315 1
187 315 1
251 315 1
283 315 1
299 315 1
307 315 1
311 315 1
313 315 1
314 315 1
315 315 2087
316 315 1
317 315 1
319 315 1
323 315 1
331 315 1
347 315 1
379 315 1
443 315 1
60 316 1
188 316 1
252 316 1
284 316 1
300 316 1
308 316 1
312 316 1
314 316 1
315 316 1
316 316 2089
317 316 1
318 316 1
320 316 1
324 316 1
332 316 1
348 316 1
380 316 1
444 316 1
61 317 1
189 317 1
253 317 1
285 317 1
301 317 1
309 317 1
313 317 1
315 317 1
316 317 1
317 317 2099
318 317 1
319 317 1
321 317 1
325 317 1
333 317 1
349 317 1
381 317 1
445 317 1
62 318 1
190 318 1
254 318 1
286 318 1
302 318 1
310 318 1
314 318 1
316 318 1
317 318 1
318 318 2111
319 318 1
320 318 1
322 318 1
326 318 1
334 318 1
350 318 1
382 318 1
446 318 1
63 319 1
191 319 1
255 319 1
287 319 1
303 319 1
311 319 1
315 319 1
317 319 1
318 319 1
319 319 2113
320 319 1
321 319 1
323 319 1
327 319 1
335 319 1
351 319 1
383 319 1
447 319 1
64 320 1
192 320 1
256 320 1
288 320 1
304 320 1
312 320 1
316 320 1
318 320 1
319 320 1
320 320 2129
321 320 1
322 320 1
324 320 1
328 320 1
336 320 1
352 320 1
384 320 1
448 320 1
65 321 1
193 321 1
257 321 1
289 321 1
305 321 1
313 321 1
317 321 1
319 321 1
320 321 1
321 321 2131
322 321 1
323 321 1
325 321 1
329 321 1
337 321 1
353 321 1
385 321 1
449 321 1
66 322 1
194 322 1
258 322 1
290 322 1
306 322 1
314 322 1
318 322 1
320 322 1
321 322 1
322 322 2137
323 322 1
324 322 1
326 322 1
330 322 1
338 322 1
354 322 1
386 322 1
450 322 1
67 323 1
195 323 1
259 323 1
291 323 1
307 323 1
315 323 1
319 323 1
321 323 1
322 323 1
323 323 2141
324 323 1
325 323 1
327 323 1
331 323 1
339 323 1
355 323 1
387 323 1
451 323 1
68 324 1
196 324 1
260 324 1
292 324 1
308 324 1
316 324 1
320 324 1
322 324 1
323 324 1
324 324 2143
325 324 1
326 324 1
328 324 1
332 324 1
340 324 1
356 324 1
388 324 1
452 324 1
69 325 1
197 325 1
261 325 1
293 325 1
309 325 1
317 325 1
321 325 1
323 325 1
324 325 1
325 325 2153
326 325 1
327 325 1
329 325 1
333 325 1
341 325 1
357 325 1
389 325 1
453 325 1
70 326 1
198 326 1
262 326 1
294 326 1
310 326 1
318 326 1
322 326 1
324 326 1
325 326 1
326 326 2161
327 326 1
328 326 1
330 326 1
334 326 1
342 326 1
358 326 1
390 326 1
454 326 1
71 327 1
199 327 1
263 327 1
295 327 1
311 327 1
319 327 1
323 327 1
325 327 1
326 327 1
327 327 2179
328 327 1
329 327 1
331 327 1
335 327 1
343 327 1
359 327 1
391 327 1
455 327 1
72 328 1
200 328 1
264 328 1
296 328 1
312 328 1
320 328 1
324 328 1
326 328 1
327 328 1
328 328 2203
329 328 1
330 328 1
332 328 1
336 328 1
344 328 1
360 328 1
392 328 1
456 328 1
73 329 1
201 329 1
265 329 1
297 329 1
313 329 1
321 329 1
325 329 1
327 329 1
328 329 1
329 329 2207
330 329 1
331 329 1
333 329 1
337 329 1
345 329 1
361 329 1
393 329 1
457 329 1
74 330 1
202 330 1
266 330 1
298 330 1
314 330 1
322 330 1
326 330 1
328 330 1
329 330 1
330 330 2213
331 330 1
332 330 1
334 330 1
338 330 1
346 330 1
362 330 1
394 330 1
458 330 1
75 331 1
203 331 1
267 331 1
299 331 1
315 331 1
323 331 1
327 331 1
329 331 1
330 331 1
331 331 2221
332 331 1
333 331 1
335 331 1
339 331 1
347 331 1
363 331 1
395 331 1
459 331 1
76 332 1
204 332 1
268 332 1
300 332 1
316 332 1
324 332 1
328 332 1
330 332 1
331 332 1
332 332 2237
333 332 1
334 332 1
336 332 1
340 332 1
348 332 1
364 332 1
396 332 1
460 332 1
77 333 1
205 333 1
269 333 1
301 333 1
317 333 1
325 333 1
329 333 1
331 333 1
332 333 1
333 333 2239
334 333 1
335 333 1
337 333 1
341 333 1
349 333 1
365 333 1
397 333 1
461 333 1
78 334 1
206 334 1
270 334 1
302 334 1
318 334 1
326 334 1
330 334 1
332 334 1
333 334 1
334 334 2243
335 334 1
336 334 1
338 334 1
342 334 1
350 334 1
366 334 1
398 334 1
462 334 1
79 335 1
207 335 1
271 335 1
303 335 1
319 335 1
327 335 1
331 335 1
333 335 1
334 335 1
335 335 2251
336 335 1
337 335 1
339 335 1
343 335 1
351 335 1
367 335 1
399 335 1
463 335 1
80 336 1
208 336 1
272 336 1
304 336 1
320 336 1
328 336 1
332 336 1
334 336 1
335 336 1
336 336 2267
337 336 1
338 336 1
340 336 1
344 336 1
352 336 1
368 336 1
400 336 1
464 336 1
81 337 1
209 337 1
273 337 1
305 337 1
321 337 1
329 337 1
333 337 1
335 337 1
336 337 1
337 337 2269
338 337 1
339 337 1
341 337 1
345 337 1
353 337 1
369 337 1
401 337 1
465 337 1
82 338 1
210 338 1
274 338 1
306 338 1
322 338 1
330 338 1
334 338 1
336 338 1
337 338 1
338 338 2273
339 338 1
340 338 1
342 338 1
346 338 1
354 338 1
370 338 1
402 338 1
466 338 1
83 339 1
211 339 1
275 339 1
307 339 1
323 339 1
331 339 1
335 339 1
337 339 1
338 339 1
339 339 2281
340 339 1
341 339 1
343 339 1
347 339 1
355 339 1
371 339 1
403 339 1
467 339 1
84 340 1
212 340 1
276 340 1
308 340 1
324 340 1
332 340 1
336 340 1
338 340 1
339 340 1
340 340 2287
341 340 1
342 340 1
344 340 1
348 340 1
356 340 1
372 340 1
404 340 1
468 340 1
85 341 1
213 341 1
277 341 1
309 341 1
325 341 1
333 341 1
337 341 1
339 341 1
340 341 1
341 341 2293
342 341 1
343 341 1
345 341 1
349 341 1
357 341 1
373 341 1
405 341 1
469 341 1
86 342 1
214 342 1
278 342 1
310 342 1
326 342 1
334 342 1
338 342 1
340 342 1
341 342 1
342 342 2297
343 342 1
344 342 1
346 342 1
350 342 1
358 342 1
374 342 1
406 342 1
470 342 1
87 343 1
215 343 1
279 343 1
311 343 1
327 343 1
335 343 1
339 343 1
341 343 1
342 343 1
343 343 2309
344 343 1
345 343 1
347 343 1
351 343 1
359 343 1
375 343 1
407 343 1
471 343 1
88 344 1
216 344 1
280 344 1
312 344 1
328 344 1
336 344 1
340 344 1
342 344 1
343 344 1
344 344 2311
345 344 1
346 344 1
348 344 1
352 344 1
360 344 1
376 344 1
408 344 1
472 344 1
89 345 1
217 345 1
281 345 1
313 345 1
329 345 1
337 345 1
341 345 1
343 345 1
344 345 1
345 345 2333
346 345 1
347 345 1
349 345 1
353 345 1
361 345 1
377 345 1
409 345 1
473 345 1
90 346 1
218 346 1
282 346 1
314 346 1
330 346 1
338 346 1
342 346 1
344 346 1
345 346 1
346 346 2339
347 346 1
348 346 1
350 346 1
354 346 1
362 346 1
378 346 1
410 346 1
474 346 1
91 347 1
219 347 1
283 347 1
315 347 1
331 347 1
339 347 1
343 347 1
345 347 1
346 347 1
347 347 2341
348 347 1
349 347 1
351 347 1
355 347 1
363 347 1
379 347 1
411 347 1
475 347 1
92 348 1
220 348 1
284 348 1
316 348 1
332 348 1
340 348 1
344 348 1
346 348 1
347 348 1
348 348 2347
349 348 1
350 348 1
352 348 1
356 348 1
364 348 1
380 348 1
412 348 1
476 348 1
93 349 1
221 349 1
285 349 1
317 349 1
333 349 1
341 349 1
345 349 1
347 349 1
348 349 1
349 349 2351
350 349 1
351 349 1
353 349 1
357 349 1
365 349 1
381 349 1
413 349 1
477 349 1
94 350 1
222 350 1
286 350 1
318 350 1
334 350 1
342 350 1
346 350 1
348 350 1
349 350 1
350 350 2357
351 350 1
352 350 1
354 350 1
358 350 1
366 350 1
382 350 1
414 350 1
478 350 1
95 351 1
223 351 1
287 351 1
319 351 1
335 351 1
343 351 1
347 351 1
349 351 1
350 351 1
351 351 2371
352 351 1
353 351 1
355 351 1
359 351 1
367 351 1
383 351 1
415 351 1
479 351 1
96 352 1
224 352 1
288 352 1
320 352 1
336 352 1
344 352 1
348 352 1
350 352 1
351 352 1
352 352 2377
353 352 1
354 352 1
356 352 1
360 352 1
368 352 1
384 352 1
416 352 1
480 352 1
97 353 1
225 353 1
289 353 1
321 353 1
337 353 1
345 353 1
349 353 1
351 353 1
352 353 1
353 353 2381
354 353 1
355 353 1
357 353 1
361 353 1
369 353 1
385 353 1
417 353 1
481 353 1
98 354 1
226 354 1
290 354 1
322 354 1
338 354 1
346 354 1
350 354 1
352 354 1
353 354 1
354 354 2383
355 354 1
356 354 1
358 354 1
362 354 1
370 354 1
386 354 1
418 354 1
482 354 1
99 355 1
227 355 1
291 355 1
323 355 1
339 355 1
347 355 1
351 355 1
353 355 1
354 355 1
355 355 2389
356 355 1
357 355 1
359 355 1
363 355 1
371 355 1
387 355 1
419 355 1
483 355 1
100 356 1
228 356 1
292 356 1
324 356 1
340 356 1
348 356 1
352 356 1
354 356 1
355 356 1
356 356 2393
357 356 1
358 356 1
360 356 1
364 356 1
372 356 1
388 356 1
420 356 1
484 356 1
101 357 1
229 357 1
293 357 1
325 357 1
341 357 1
349 357 1
353 357 1
355 357 1
356 357 1
357 357 2399
358 357 1
359 357 1
361 357 1
365 357 1
373 357 1
389 357 1
421 357 1
485 357 1
102 358 1
230 358 1
294 358 1
326 358 1
342 358 1
350 358 1
354 358 1
356 358 1
357 358 1
358 358 2411
359 358 1
360 358 1
362 358 1
366 358 1
374 358 1
390 358 1
422 358 1
486 358 1
103 359 1
231 359 1
295 359 1
327 359 1
343 359 1
351 359 1
355 359 1
357 359 1
358 359 1
359 359 2417
360 359 1
361 359 1
363 359 1
367 359 1
375 359 1
391 359 1
423 359 1
487 359 1
104 360 1
232 360 1
296 360 1
328 360 1
344 360 1
352 360 1
356 360 1
358 360 1
359 360 1
360 360 2423
361 360 1
362 360 1
364 360 1
368 360 1
376 360 1
392 360 1
424 360 1
488 360 1
105 361 1
233 361 1
297 361 1
329 361 1
345 361 1
353 361 1
357 361 1
359 361 1
360 361 1
361 361 2437
362 361 1
363 361 1
365 361 1
369 361 1
377 361 1
393 361 1
425 361 1
489 361 1
106 362 1
234 362 1
298 362 1
330 362 1
346 362 1
354 362 1
358 362 1
360 362 1
361 362 1
362 362 2441
363 362 1
364 362 1
366 362 1
370 362 1
378 362 1
394 362 1
426 362 1
490 362 1
107 363 1
235 363 1
299 363 1
331 363 1
347 363 1
355 363 1
359 363 1
361 363 1
362 363 1
363 363 2447
364 363 1
365 363 1
367 363 1
371 363 1
379 363 1
395 363 1
427 363 1
491 363 1
108 364 1
236 364 1
300 364 1
332 364 1
348 364 1
356 364 1
360 364 1
362 364 1
363 364 1
364 364 2459
365 364 1
366 364 1
368 364 1
372 364 1
380 364 1
396 364 1
428 364 1
492 364 1
109 365 1
237 365 1
301 365 1
333 365 1
349 365 1
357 365 1
361 365 1
363 365 1
364 365 1
365 365 2467
366 365 1
367 365 1
369 365 1
373 365 1
381 365 1
397 365 1
429 365 1
493 365 1
110 366 1
238 366 1
302 366 1
334 366 1
350 366 1
358 366 1
362 366 1
364 366 1
365 366 1
366 366 2473
367 366 1
368 366 1
370 366 1
374 366 1
382 366 1
398 366 1
430 366 1
494 366 1
111 367 1
239 367 1
303 367 1
335 367 1
351 367 1
359 367 1
363 367 1
365 367 1
366 367 1
367 367 2477
368 367 1
369 367 1
371 367 1
375 367 1
383 367 1
399 367 1
431 367 1
495 367 1
112 368 1
240 368 1
304 368 1
336 368 1
352 368 1
360 368 1
364 368 1
366 368 1
367 368 1
368 368 2503
369 368 1
370 368 1
372 368 1
376 368 1
384 368 1
400 368 1
432 368 1
496 368 1
113 369 1
241 369 1
305 369 1
337 369 1
353 369 1
361 369 1
365 369 1
367 369 1
368 369 1
369 369 2521
370 369 1
371 369 1
373 369 1
377 369 1
385 369 1
401 369 1
433 369 1
497 369 1
114 370 1
242 370 1
306 370 1
338 370 1
354 370 1
362 370 1
366 370 1
368 370 1
369 370 1
370 370 2531
371 370 1
372 370 1
374 370 1
378 370 1
386 370 1
402 370 1
434 370 1
498 370 1
115 371 1
243 371 1
307 371 1
339 371 1
355 371 1
363 371 1
367 371 1
369 371 1
370 371 1
371 371 2539
372 371 1
373 371 1
375 371 1
379 371 1
387 371 1
403 371 1
435 371 1
499 371 1
116 372 1
244 372 1
308 372 1
340 372 1
356 372 1
364 372 1
368 372 1
370 372 1
371 372 1
372 372 2543
373 372 1
374 372 1
376 372 1
380 372 1
388 372 1
404 372 1
436 372 1
500 372 1
117 373 1
245 373 1
309 373 1
341 373 1
357 373 1
365 373 1
369 373 1
371 373 1
372 373 1
373 373 2549
374 373 1
375 373 1
377 373 1
381 373 1
389 373 1
405 373 1
437 373 1
118 374 1
246 374 1
310 374 1
342 374 1
358 374 1
366 374 1
370 374 1
372 374 1
373 374 1
374 374 2551
375 374 1
376 374 1
378 374 1
382 374 1
390 374 1
406 374 1
438 374 1
119 375 1
247 375 1
311 375 1
343 375 1
359 375 1
367 375 1
371 375 1
373 375 1
374 375 1
375 375 2557
376 375 1
377 375 1
379 375 1
383 375 1
391 375 1
407 375 1
439 375 1
120 376 1
248 376 1
312 376 1
344 376 1
360 376 1
368 376 1
372 376 1
374 376 1
375 376 1
376 376 2579
377 376 1
378 376 1
380 376 1
384 376 1
392 376 1
408 376 1
440 376 1
121 377 1
249 377 1
313 377 1
345 377 1
361 377 1
369 377 1
373 377 1
375 377 1
376 377 1
377 377 2591
378 377 1
379 377 1
381 377 1
385 377 1
393 377 1
409 377 1
441 377 1
122 378 1
250 378 1
314 378 1
346 378 1
362 378 1
370 378 1
374 378 1
376 378 1
377 378 1
378 378 2593
379 378 1
380 378 1
382 378 1
386 378 1
394 378 1
410 378 1
442 378 1
123 379 1
251 379 1
315 379 1
347 379 1
363 379 1
371 379 1
375 379 1
377 379 1
378 379 1
379 379 2609
380 379 1
381 379 1
383 379 1
387 379 1
395 379 1
411 379 1
443 379 1
124 380 1
252 380 1
316 380 1
348 380 1
364 380 1
372 380 1
376 380 1
378 380 1
379 380 1
380 380 2617
381 380 1
382 380 1
384 380 1
388 380 1
396 380 1
412 380 1
444 380 1
125 381 1
253 381 1
317 381 1
349 381 1
365 381 1
373 381 1
377 381 1
379 381 1
380 381 1
381 381 2621
382 381 1
383 381 1
385 381 1
389 381 1
397 381 1
413 381 1
445 381 1
126 382 1
254 382 1
318 382 1
350 382 1
366 382 1
374 382 1
378 382 1
380 382 1
381 382 1
382 382 2633
383 382 1
384 382 1
386 382 1
390 382 1
398 382 1
414 382 1
446 382 1
127 383 1
255 383 1
319 383 1
351 383 1
367 383 1
375 383 1
379 383 1
381 383 1
382 383 1
383 383 2647
384 383 1
385 383 1
387 383 1
391 383 1
399 383 1
415 383 1
447 383 1
128 384 1
256 384 1
320 384 1
352 384 1
368 384 1
376 384 1
380 384 1
382 384 1
383 384 1
384 384 2657
385 384 1
386 384 1
388 384 1
392 384 1
400 384 1
416 384 1
448 384 1
129 385 1
257 385 1
321 385 1
353 385 1
369 385 1
377 385 1
381 385 1
383 385 1
384 385 1
385 385 2659
386 385 1
387 385 1
389 385 1
393 385 1
401 385 1
417 385 1
449 385 1
130 386 1
258 386 1
322 386 1
354 386 1
370 386 1
378 386 1
382 386 1
384 386 1
385 386 1
386 386 2663
387 386 1
388 386 1
390 386 1
394 386 1
402 386 1
418 386 1
450 386 1
131 387 1
259 387 1
323 387 1
355 387 1
371 387 1
379 387 1
383 387 1
385 387 1
386 387 1
387 387 2671
388 387 1
389 387 1
391 387 1
395 387 1
403 387 1
419 387 1
451 387 1
132 388 1
260 388 1
324 388 1
356 388 1
372 388 1
380 388 1
384 388 1
386 388 1
387 388 1
388 388 2677
389 388 1
390 388 1
392 388 1
396 388 1
404 388 1
420 388 1
452 388 1
133 389 1
261 389 1
325 389 1
357 389 1
373 389 1
381 389 1
385 389 1
387 389 1
388 389 1
389 389 2683
390 389 1
391 389 1
393 389 1
397 389 1
405 389 1
421 389 1
453 389 1
134 390 1
262 390 1
326 390 1
358 390 1
374 390 1
382 390 1
386 390 1
388 390 1
389 390 1
390 390 2687
391 390 1
392 390 1
394 390 1
398 390 1
406 390 1
422 390 1
454 390 1
135 391 1
263 391 1
327 391 1
359 391 1
375 391 1
383 391 1
387 391 1
389 391 1
390 391 1
391 391 2689
392 391 1
393 391 1
395 391 1
399 391 1
407 391 1
423 391 1
455 391 1
136 392 1
264 392 1
328 392 1
360 392 1
376 392 1
384 392 1
388 392 1
390 392 1
391 392 1
392 392 2693
393 392 1
394 392 1
396 392 1
400 392 1
408 392 1
424 392 1
456 392 1
137 393 1
265 393 1
329 393 1
361 393 1
377 393 1
385 393 1
389 393 1
391 393 1
392 393 1
393 393 2699
394 393 1
395 393 1
397 393 1
401 393 1
409 393 1
425 393 1
457 393 1
138 394 1
266 394 1
330 394 1
362 394 1
378 394 1
386 394 1
390 394 1
392 394 1
393 394 1
394 394 2707
395 394 1
396 394 1
398 394 1
402 394 1
410 394 1
426 394 1
458 394 1
139 395 1
267 395 1
331 395 1
363 395 1
379 395 1
387 395 1
391 395 1
393 395 1
394 395 1
395 395 2711
396 395 1
397 395 1
399 395 1
403 395 1
411 395 1
427 395 1
459 395 1
140 396 1
268 396 1
332 396 1
364 396 1
380 396 1
388 396 1
392 396 1
394 396 1
395 396 1
396 396 2713
397 396 1
398 396 1
400 396 1
404 396 1
412 396 1
428 396 1
460 396 1
141 397 1
269 397 1
333 397 1
365 397 1
381 397 1
389 397 1
393 397 1
395 397 1
396 397 1
397 397 2719
398 397 1
399 397 1
401 397 1
405 397 1
413 397 1
429 397 1
461 397 1
142 398 1
270 398 1
334 398 1
366 398 1
382 398 1
390 398 1
394 398 1
396 398 1
397 398 1
398 398 2729
399 398 1
400 398 1
402 398 1
406 398 1
414 398 1
430 398 1
462 398 1
143 399 1
271 399 1
335 399 1
367 399 1
383 399 1
391 399 1
395 399 1
397 399 1
398 399 1
399 399 2731
400 399 1
401 399 1
403 399 1
407 399 1
415 399 1
431 399 1
463 399 1
144 400 1
272 400 1
336 400 1
368 400 1
384 400 1
392 400 1
396 400 1
398 400 1
399 400 1
400 400 2741
401 400 1
402 400 1
404 400 1
408 400 1
416 400 1
432 400 1
464 400 1
145 401 1
273 401 1
337 401 1
369 401 1
385 401 1
393 401 1
397 401 1
399 401 1
400 401 1
401 401 2749
402 401 1
403 401 1
405 401 1
409 401 1
417 401 1
433 401 1
465 401 1
146 402 1
274 402 1
338 402 1
370 402 1
386 402 1
394 402 1
398 402 1
400 402 1
401 402 1
402 402 2753
403 402 1
404 402 1
406 402 1
410 402 1
418 402 1
434 402 1
466 402 1
147 403 1
275 403 1
339 403 1
371 403 1
387 403 1
395 403 1
399 403 1
401 403 1
402 403 1
403 403 2767
404 403 1
405 403 1
407 403 1
411 403 1
419 403 1
435 403 1
467 403 1
148 404 1
276 404 1
340 404 1
372 404 1
388 404 1
396 404 1
400 404 1
402 404 1
403 404 1
404 404 2777
405 404 1
406 404 1
408 404 1
412 404 1
420 404 1
436 404 1
468 404 1
149 405 1
277 405 1
341 405 1
373 405 1
389 405 1
397 405 1
401 405 1
403 405 1
404 405 1
405 405 2789
406 405 1
407 405 1
409 405 1
413 405 1
421 405 1
437 405 1
469 405 1
150 406 1
278 406 1
342 406 1
374 406 1
390 406 1
398 406 1
402 406 1
404 406 1
405 406 1
406 406 2791
407 406 1
408 406 1
410 406 1
414 406 1
422 406 1
438 406 1
470 406 1
151 407 1
279 407 1
343 407 1
375 407 1
391 407 1
399 407 1
403 407 1
405 407 1
406 407 1
407 407 2797
408 407 1
409 407 1
411 407 1
415 407 1
423 407 1
439 407 1
471 407 1
152 408 1
280 408 1
344 408 1
376 408 1
392 408 1
400 408 1
404 408 1
406 408 1
407 408 1
408 408 2801
409 408 1
410 408 1
412 408 1
416 408 1
424 408 1
440 408 1
472 408 1
153 409 1
281 409 1
345 409 1
377 409 1
393 409 1
401 409 1
405 409 1
407 409 1
408 409 1
409 409 2803
410 409 1
411 409 1
413 409 1
417 409 1
425 409 1
441 409 1
473 409 1
154 410 1
282 410 1
346 410 1
378 410 1
394 410 1
402 410 1
406 410 1
408 410 1
409 410 1
410 410 2819
411 410 1
412 410 1
414 410 1
418 410 1
426 410 1
442 410 1
474 410 1
155 411 1
283 411 1
347 411 1
379 411 1
395 411 1
403 411 1
407 411 1
409 411 1
410 411 1
411 411 2833
412 411 1
413 411 1
415 411 1
419 411 1
427 411 1
443 411 1
475 411 1
156 412 1
284 412 1
348 412 1
380 412 1
396 412 1
404 412 1
408 412 1
410 412 1
411 412 1
412 412 2837
413 412 1
414 412 1
416 412 1
420 412 1
428 412 1
444 412 1
476 412 1
157 413 1
285 413 1
349 413 1
381 413 1
397 413 1
405 413 1
409 413 1
411 413 1
412 413 1
413 413 2843
414 413 1
415 413 1
417 413 1
421 413 1
429 413 1
445 413 1
477 413 1
158 414 1
286 414 1
350 414 1
382 414 1
398 414 1
406 414 1
410 414 1
412 414 1
413 414 1
414 414 2851
415 414 1
416 414 1
418 414 1
422 414 1
430 414 1
446 414 1
478 414 1
159 415 1
287 415 1
351 415 1
383 415 1
399 415 1
407 415 1
411 415 1
413 415 1
414 415 1
415 415 2857
416 415 1
417 415 1
419 415 1
423 415 1
431 415 1
447 415 1
479 415 1
160 416 1
288 416 1
352 416 1
384 416 1
400 416 1
408 416 1
412 416 1
414 416 1
415 416 1
416 416 2861
417 416 1
418 416 1
420 416 1
424 416 1
432 416 1
448 416 1
480 416 1
161 417 1
289 417 1
353 417 1
385 417 1
401 417 1
409 417 1
413 417 1
415 417 1
416 417 1
417 417 2879
418 417 1
419 417 1
421 417 1
425 417 1
433 417 1
449 417 1
481 417 1
162 418 1
290 418 1
354 418 1
386 418 1
402 418 1
410 418 1
414 418 1
416 418 1
417 418 1
418 418 2887
419 418 1
420 418 1
422 418 1
426 418 1
434 418 1
450 418 1
482 418 1
163 419 1
291 419 1
355 419 1
387 419 1
403 419 1
411 419 1
415 419 1
417 419 1
418 419 1
419 419 2897
420 419 1
421 419 1
423 419 1
427 419 1
435 419 1
451 419 1
483 419 1
164 420 1
292 420 1
356 420 1
388 420 1
404 420 1
412 420 1
416 420 1
418 420 1
419 420 1
420 420 2903
421 420 1
422 420 1
424 420 1
428 420 1
436 420 1
452 420 1
484 420 1
165 421 1
293 421 1
357 421 1
389 421 1
405 421 1
413 421 1
417 421 1
419 421 1
420 421 1
421 421 2909
422 421 1
423 421 1
425 421 1
429 421 1
437 421 1
453 421 1
485 421 1
166 422 1
294 422 1
358 422 1
390 422 1
406 422 1
414 422 1
418 422 1
420 422 1
421 422 1
422 422 2917
423 422 1
424 422 1
426 422 1
430 422 1
438 422 1
454 422 1
486 422 1
167 423 1
295 423 1
359 423 1
391 423 1
407 423 1
415 423 1
419 423 1
421 423 1
422 423 1
423 423 2927
424 423 1
425 423 1
427 423 1
431 423 1
439 423 1
455 423 1
487 423 1
168 424 1
296 424 1
360 424 1
392 424 1
408 424 1
416 424 1
420 424 1
422 424 1
423 424 1
424 424 2939
425 424 1
426 424 1
428 424 1
432 424 1
440 424 1
456 424 1
488 424 1
169 425 1
297 425 1
361 425 1
393 425 1
409 425 1
417 425 1
421 425 1
423 425 1
424 425 1
425 425 2953
426 425 1
427 425 1
429 425 1
433 425 1
441 425 1
457 425 1
489 425 1
170 426 1
298 426 1
362 426 1
394 426 1
410 426 1
418 426 1
422 426 1
424 426 1
425 426 1
426 426 2957
427 426 1
428 426 1
430 426 1
434 426 1
442 426 1
458 426 1
490 426 1
171 427 1
299 427 1
363 427 1
395 427 1
411 427 1
419 427 1
423 427 1
425 427 1
426 427 1
427 427 2963
428 427 1
429 427 1
431 427 1
435 427 1
443 427 1
459 427 1
491 427 1
172 428 1
300 428 1
364 428 1
396 428 1
412 428 1
420 428 1
424 428 1
426 428 1
427 428 1
428 428 2969
429 428 1
430 428 1
432 428 1
436 428 1
444 428 1
460 428 1
492 428 1
173 429 1
301 429 1
365 429 1
397 429 1
413 429 1
421 429 1
425 429 1
427 429 1
428 429 1
429 429 2971
430 429 1
431 429 1
433 429 1
437 429 1
445 429 1
461 429 1
493 429 1
174 430 1
302 430 1
366 430 1
398 430 1
414 430 1
422 430 1
426 430 1
428 430 1
429 430 1
430 430 2999
431 430 1
432 430 1
434 430 1
438 430 1
446 430 1
462 430 1
494 430 1
175 431 1
303 431 1
367 431 1
399 431 1
415 431 1
423 431 1
427 431 1
429 431 1
430 431 1
431 431 3001
432 431 1
433 431 1
435 431 1
439 431 1
447 431 1
463 431 1
495 431 1
176 432 1
304 432 1
368 432 1
400 432 1
416 432 1
424 432 1
428 432 1
430 432 1
431 432 1
432 432 3011
433 432 1
434 432 1
436 432 1
440 432 1
448 432 1
464 432 1
496 432 1
177 433 1
305 433 1
369 433 1
401 433 1
417 433 1
425 433 1
429 433 1
431 433 1
432 433 1
433 433 3019
434 433 1
435 433 1
437 433 1
441 433 1
449 433 1
465 433 1
497 433 1
178 434 1
306 434 1
370 434 1
402 434 1
418 434 1
426 434 1
430 434 1
432 434 1
433 434 1
434 434 3023
435 434 1
436 434 1
438 434 1
442 434 1
450 434 1
466 434 1
498 434 1
179 435 1
307 435 1
371 435 1
403 435 1
419 435 1
427 435 1
431 435 1
433 435 1
434 435 1
435 435 3037
436 435 1
437 435 1
439 435 1
443 435 1
451 435 1
467 435 1
499 435 1
180 436 1
308 436 1
372 436 1
404 436 1
420 436 1
428 436 1
432 436 1
434 436 1
435 436 1
436 436 3041
437 436 1
438 436 1
440 436 1
444 436 1
452 436 1
468 436 1
500 436 1
181 437 1
309 437 1
373 437 1
405 437 1
421 437 1
429 437 1
433 437 1
435 437 1
436 437 1
437 437 3049
438 437 1
439 437 1
441 437 1
445 437 1
453 437 1
469 437 1
182 438 1
310 438 1
374 438 1
406 438 1
422 438 1
430 438 1
434 438 1
436 438 1
437 438 1
438 438 3061
439 438 1
440 438 1
442 438 1
446 438 1
454 438 1
470 438 1
183 439 1
311 439 1
375 439 1
407 439 1
423 439 1
431 439 1
435 439 1
437 439 1
438 439 1
439 439 3067
440 439 1
441 439 1
443 439 1
447 439 1
455 439 1
471 439 1
184 440 1
312 440 1
376 440 1
408 440 1
424 440 1
432 440 1
436 440 1
438 440 1
439 440 1
440 440 3079
441 440 1
442 440 1
444 440 1
448 440 1
456 440 1
472 440 1
185 441 1
313 441 1
377 441 1
409 441 1
425 441 1
433 441 1
437 441 1
439 441 1
440 441 1
441 441 3083
442 441 1
443 441 1
445 441 1
449 441 1
457 441 1
473 441 1
186 442 1
314 442 1
378 442 1
410 442 1
426 442 1
434 442 1
438 442 1
440 442 1
441 442 1
442 442 3089
443 442 1
444 442 1
446 442 1
450 442 1
458 442 1
474 442 1
187 443 1
315 443 1
379 443 1
411 443 1
427 443 1
435 443 1
439 443 1
441 443 1
442 443 1
443 443 3109
444 443 1
445 443 1
447 443 1
451 443 1
459 443 1
475 443 1
188 444 1
316 444 1
380 444 1
412 444 1
428 444 1
436 444 1
440 444 1
442 444 1
443 444 1
444 444 3119
445 444 1
446 444 1
448 444 1
452 444 1
460 444 1
476 444 1
189 445 1
317 445 1
381 445 1
413 445 1
429 445 1
437 445 1
441 445 1
443 445 1
444 445 1
445 445 3121
446 445 1
447 445 1
449 445 1
453 445 1
461 445 1
477 445 1
190 446 1
318 446 1
382 446 1
414 446 1
430 446 1
438 446 1
442 446 1
444 446 1
445 446 1
446 446 3137
447 446 1
448 446 1
450 446 1
454 446 1
462 446 1
478 446 1
191 447 1
319 447 1
383 447 1
415 447 1
431 447 1
439 447 1
443 447 1
445 447 1
446 447 1
447 447 3163
448 447 1
449 447 1
451 447 1
455 447 1
463 447 1
479 447 1
192 448 1
320 448 1
384 448 1
416 448 1
432 448 1
440 448 1
444 448 1
446 448 1
447 448 1
448 448 3167
449 448 1
450 448 1
452 448 1
456 448 1
464 448 1
480 448 1
193 449 1
321 449 1
385 449 1
417 449 1
433 449 1
441 449 1
445 449 1
447 449 1
448 449 1
449 449 3169
450 449 1
451 449 1
453 449 1
457 449 1
465 449 1
481 449 1
194 450 1
322 450 1
386 450 1
418 450 1
434 450 1
442 450 1
446 450 1
448 450 1
449 450 1
450 450 3181
451 450 1
452 450 1
454 450 1
458 450 1
466 450 1
482 450 1
195 451 1
323 451 1
387 451 1
419 451 1
435 451 1
443 451 1
447 451 1
449 451 1
450 451 1
451 451 3187
452 451 1
453 451 1
455 451 1
459 451 1
467 451 1
483 451 1
196 452 1
324 452 1
388 452 1
420 452 1
436 452 1
444 452 1
448 452 1
450 452 1
451 452 1
452 452 3191
453 452 1
454 452 1
456 452 1
460 452 1
468 452 1
484 452 1
197 453 1
325 453 1
389 453 1
421 453 1
437 453 1
445 453 1
449 453 1
451 453 1
452 453 1
453 453 3203
454 453 1
455 453 1
457 453 1
461 453 1
469 453 1
485 453 1
198 454 1
326 454 1
390 454 1
422 454 1
438 454 1
446 454 1
450 454 1
452 454 1
453 454 1
454 454 3209
455 454 1
456 454 1
458 454 1
462 454 1
470 454 1
486 454 1
199 455 1
327 455 1
391 455 1
423 455 1
439 455 1
447 455 1
451 455 1
453 455 1
454 455 1
455 455 3217
456 455 1
457 455 1
459 455 1
463 455 1
471 455 1
487 455 1
200 456 1
328 456 1
392 456 1
424 456 1
440 456 1
448 456 1
452 456 1
454 456 1
455 456 1
456 456 3221
457 456 1
458 456 1
460 456 1
464 456 1
472 456 1
488 456 1
201 457 1
329 457 1
393 457 1
425 457 1
441 457 1
449 457 1
453 457 1
455 457 1
456 457 1
457 457 3229
458 457 1
459 457 1
461 457 1
465 457 1
473 457 1
489 457 1
202 458 1
330 458 1
394 458 1
426 458 1
442 458 1
450 458 1
454 458 1
456 458 1
457 458 1
458 458 3251
459 458 1
460 458 1
462 458 1
466 458 1
474 458 1
490 458 1
203 459 1
331 459 1
395 459 1
427 459 1
443 459 1
451 459 1
455 459 1
457 459 1
458 459 1
459 459 3253
460 459 1
461 459 1
463 459 1
467 459 1
475 459 1
491 459 1
204 460 1
332 460 1
396 460 1
428 460 1
444 460 1
452 460 1
456 460 1
458 460 1
459 460 1
460 460 3257
461 460 1
462 460 1
464 460 1
468 460 1
476 460 1
492 460 1
205 461 1
333 461 1
397 461 1
429 461 1
445 461 1
453 461 1
457 461 1
459 461 1
460 461 1
461 461 3259
462 461 1
463 461 1
465 461 1
469 461 1
477 461 1
493 461 1
206 462 1
334 462 1
398 462 1
430 462 1
446 462 1
454 462 1
458 462 1
460 462 1
461 462 1
462 462 3271
463 462 1
464 462 1
466 462 1
470 462 1
478 462 1
494 462 1
207 463 1
335 463 1
399 463 1
431 463 1
447 463 1
455 463 1
459 463 1
461 463 1
462 463 1
463 463 3299
464 463 1
465 463 1
467 463 1
471 463 1
479 463 1
495 463 1
208 464 1
336 464 1
400 464 1
432 464 1
448 464 1
456 464 1
460 464 1
462 464 1
463 464 1
464 464 3301
465 464 1
466 464 1
468 464 1
472 464 1
480 464 1
496 464 1
209 465 1
337 465 1
401 465 1
433 465 1
449 465 1
457 465 1
461 465 1
463 465 1
464 465 1
465 465 3307
466 465 1
467 465 1
469 465 1
473 465 1
481 465 1
497 465 1
210 466 1
338 466 1
402 466 1
434 466 1
450 466 1
458 466 1
462 466 1
464 466 1
465 466 1
466 466 3313
467 466 1
468 466 1
470 466 1
474 466 1
482 466 1
498 466 1
211 467 1
339 467 1
403 467 1
435 467 1
451 467 1
459 467 1
463 467 1
465 467 1
466 467 1
467 467 3319
468 467 1
469 467 1
471 467 1
475 467 1
483 467 1
499 467 1
212 468 1
340 468 1
404 468 1
436 468 1
452 468 1
460 468 1
464 468 1
466 468 1
467 468 1
468 468 3323
469 468 1
470 468 1
472 468 1
476 468 1
484 468 1
500 468 1
213 469 1
341 469 1
405 469 1
437 469 1
453 469 1
461 469 1
465 469 1
467 469 1
468 469 1
469 469 3329
470 469 1
471 469 1
473 469 1
477 469 1
485 469 1
214 470 1
342 470 1
406 470 1
438 470 1
454 470 1
462 470 1
466 470 1
468 470 1
469 470 1
470 470 3331
471 470 1
472 470 1
474 470 1
478 470 1
486 470 1
215 471 1
343 471 1
407 471 1
439 471 1
455 471 1
463 471 1
467 471 1
469 471 1
470 471 1
471 471 3343
472 471 1
473 471 1
475 471 1
479 471 1
487 471 1
216 472 1
344 472 1
408 472 1
440 472 1
456 472 1
464 472 1
468 472 1
470 472 1
471 472 1
472 472 3347
473 472 1
474 472 1
476 472 1
480 472 1
488 472 1
217 473 1
345 473 1
409 473 1
441 473 1
457 473 1
465 473 1
469 473 1
471 473 1
472 473 1
473 473 3359
474 473 1
475 473 1
477 473 1
481 473 1
489 473 1
218 474 1
346 474 1
410 474 1
442 474 1
458 474 1
466 474 1
470 474 1
472 474 1
473 474 1
474 474 3361
475 474 1
476 474 1
478 474 1
482 474 1
490 474 1
219 475 1
347 475 1
411 475 1
443 475 1
459 475 1
467 475 1
471 475 1
473 475 1
474 475 1
475 475 3371
476 475 1
477 475 1
479 475 1
483 475 1
491 475 1
220 476 1
348 476 1
412 476 1
444 476 1
460 476 1
468 476 1
472 476 1
474 476 1
475 476 1
476 476 3373
477 476 1
478 476 1
480 476 1
484 476 1
492 476 1
221 477 1
349 477 1
413 477 1
445 477 1
461 477 1
469 477 1
473 477 1
475 477 1
476 477 1
477 477 3389
478 477 1
479 477 1
481 477 1
485 477 1
493 477 1
222 478 1
350 478 1
414 478 1
446 478 1
462 478 1
470 478 1
474 478 1
476 478 1
477 478 1
478 478 3391
479 478 1
480 478 1
482 478 1
486 478 1
494 478 1
223 479 1
351 479 1
415 479 1
447 479 1
463 479 1
471 479 1
475 479 1
477 479 1
478 479 1
479 479 3407
480 479 1
481 479 1
483 479 1
487 479 1
495 479 1
224 480 1
352 480 1
416 480 1
448 480 1
464 480 1
472 480 1
476 480 1
478 480 1
479 480 1
480 480 3413
481 480 1
482 480 1
484 480 1
488 480 1
496 480 1
225 481 1
353 481 1
417 481 1
449 481 1
465 481 1
473 481 1
477 481 1
479 481 1
480 481 1
481 481 3433
482 481 1
483 481 1
485 481 1
489 481 1
497 481 1
226 482 1
354 482 1
418 482 1
450 482 1
466 482 1
474 482 1
478 482 1
480 482 1
481 482 1
482 482 3449
483 482 1
484 482 1
486 482 1
490 482 1
498 482 1
227 483 1
355 483 1
419 483 1
451 483 1
467 483 1
475 483 1
479 483 1
481 483 1
482 483 1
483 483 3457
484 483 1
485 483 1
487 483 1
491 483 1
499 483 1
228 484 1
356 484 1
420 484 1
452 484 1
468 484 1
476 484 1
480 484 1
482 484 1
483 484 1
484 484 3461
485 484 1
486 484 1
488 484 1
492 484 1
500 484 1
229 485 1
357 485 1
421 485 1
453 485 1
469 485 1
477 485 1
481 485 1
483 485 1
484 485 1
485 485 3463
486 485 1
487 485 1
489 485 1
493 485 1
230 486 1
358 486 1
422 486 1
454 486 1
470 486 1
478 486 1
482 486 1
484 486 1
485 486 1
486 486 3467
487 486 1
488 486 1
490 486 1
494 486 1
231 487 1
359 487 1
423 487 1
455 487 1
471 487 1
479 487 1
483 487 1
485 487 1
486 487 1
487 487 3469
488 487 1
489 487 1
491 487 1
495 487 1
232 488 1
360 488 1
424 488 1
456 488 1
472 488 1
480 488 1
484 488 1
486 488 1
487 488 1
488 488 3491
489 488 1
490 488 1
492 488 1
496 488 1
233 489 1
361 489 1
425 489 1
457 489 1
473 489 1
481 489 1
485 489 1
487 489 1
488 489 1
489 489 3499
490 489 1
491 489 1
493 489 1
497 489 1
234 490 1
362 490 1
426 490 1
458 490 1
474 490 1
482 490 1
486 490 1
488 490 1
489 490 1
490 490 3511
491 490 1
492 490 1
494 490 1
498 490 1
235 491 1
363 491 1
427 491 1
459 491 1
475 491 1
483 491 1
487 491 1
489 491 1
490 491 1
491 491 3517
492 491 1
493 491 1
495 491 1
499 491 1
236 492 1
364 492 1
428 492 1
460 492 1
476 492 1
484 492 1
488 492 1
490 492 1
491 492 1
492 492 3527
493 492 1
494 492 1
496 492 1
500 492 1
237 493 1
365 493 1
429 493 1
461 493 1
477 493 1
485 493 1
489 493 1
491 493 1
492 493 1
493 493 3529
494 493 1
495 493 1
497 493 1
238 494 1
366 494 1
430 494 1
462 494 1
478 494 1
486 494 1
490 494 1
492 494 1
493 494 1
494 494 3533
495 494 1
496 494 1
498 494 1
239 495 1
367 495 1
431 495 1
463 495 1
479 495 1
487 495 1
491 495 1
493 495 1
494 495 1
495 495 3539
496 495 1
497 495 1
499 495 1
240 496 1
368 496 1
432 496 1
464 496 1
480 496 1
488 496 1
492 496 1
494 496 1
495 496 1
496 496 3541
497 496 1
498 496 1
500 496 1
241 497 1
369 497 1
433 497 1
465 497 1
481 497 1
489 497 1
493 497 1
495 497 1
496 497 1
497 497 3547
498 497 1
499 497 1
242 498 1
370 498 1
434 498 1
466 498 1
482 498 1
490 498 1
494 498 1
496 498 1
497 498 1
498 498 3557
499 498 1
500 498 1
243 499 1
371 499 1
435 499 1
467 499 1
483 499 1
491 499 1
495 499 1
497 499 1
498 499 1
499 499 3559
500 499 1
244 500 1
372 500 1
436 500 1
468 500 1
484 500 1
492 500 1
496 500 1
498 500 1
499 500 1
500 500 3571
