210 210 4060 1
1 1 5
2 1 1
3 1 1
4 1 1
25 1 1
45 1 1
65 1 1
85 1 1
101 1 2
102 1 2
103 1 2
104 1 2
152 1 1
158 1 1
169 1 1
185 1 1
201 1 -1
206 1 -1
1 2 1
2 2 5
3 2 1
4 2 1
29 2 1
49 2 1
69 2 1
89 2 1
101 2 2
102 2 2
103 2 2
104 2 2
153 2 1
160 2 1
172 2 1
189 2 1
201 2 -1
206 2 -1
1 3 1
2 3 1
3 3 5
4 3 1
33 3 1
53 3 1
73 3 1
93 3 1
101 3 2
102 3 2
103 3 2
104 3 2
154 3 1
162 3 1
175 3 1
193 3 1
201 3 -1
206 3 -1
1 4 1
2 4 1
3 4 1
4 4 5
37 4 1
57 4 1
77 4 1
97 4 1
101 4 2
102 4 2
103 4 2
104 4 2
155 4 1
164 4 1
178 4 1
197 4 1
201 4 -1
206 4 -1
5 5 5
6 5 1
7 5 1
8 5 1
21 5 1
41 5 1
61 5 1
81 5 1
105 5 2
106 5 2
107 5 2
108 5 2
151 5 1
156 5 1
166 5 1
181 5 1
202 5 -1
206 5 -1
5 6 1
6 6 5
7 6 1
8 6 1
30 6 1
50 6 1
70 6 1
90 6 1
105 6 2
106 6 2
107 6 2
108 6 2
153 6 1
160 6 1
172 6 1
189 6 1
202 6 -1
206 6 -1
5 7 1
6 7 1
7 7 5
8 7 1
34 7 1
54 7 1
74 7 1
94 7 1
105 7 2
106 7 2
107 7 2
108 7 2
154 7 1
162 7 1
175 7 1
193 7 1
202 7 -1
206 7 -1
5 8 1
6 8 1
7 8 1
8 8 5
38 8 1
58 8 1
78 8 1
98 8 1
105 8 2
106 8 2
107 8 2
108 8 2
155 8 1
164 8 1
178 8 1
197 8 1
202 8 -1
206 8 -1
9 9 5
10 9 1
11 9 1
12 9 1
22 9 1
42 9 1
62 9 1
82 9 1
109 9 2
110 9 2
111 9 2
112 9 2
151 9 1
156 9 1
166 9 1
181 9 1
203 9 -1
206 9 -1
9 10 1
10 10 5
11 10 1
12 10 1
26 10 1
46 10 1
66 10 1
86 10 1
109 10 2
110 10 2
111 10 2
112 10 2
152 10 1
158 10 1
169 10 1
185 10 1
203 10 -1
206 10 -1
9 11 1
10 11 1
11 11 5
12 11 1
35 11 1
55 11 1
75 11 1
95 11 1
109 11 2
110 11 2
111 11 2
112 11 2
154 11 1
162 11 1
175 11 1
193 11 1
203 11 -1
206 11 -1
9 12 1
10 12 1
11 12 1
12 12 5
39 12 1
59 12 1
79 12 1
99 12 1
109 12 2
110 12 2
111 12 2
112 12 2
155 12 1
164 12 1
178 12 1
197 12 1
203 12 -1
206 12 -1
13 13 5
14 13 1
15 13 1
16 13 1
23 13 1
43 13 1
63 13 1
83 13 1
113 13 2
114 13 2
115 13 2
116 13 2
151 13 1
156 13 1
166 13 1
181 13 1
204 13 -1
206 13 -1
13 14 1
14 14 5
15 14 1
16 14 1
27 14 1
47 14 1
67 14 1
87 14 1
113 14 2
114 14 2
115 14 2
116 14 2
152 14 1
158 14 1
169 14 1
185 14 1
204 14 -1
206 14 -1
13 15 1
14 15 1
15 15 5
16 15 1
31 15 1
51 15 1
71 15 1
91 15 1
113 15 2
114 15 2
115 15 2
116 15 2
153 15 1
160 15 1
172 15 1
189 15 1
204 15 -1
206 15 -1
13 16 1
14 16 1
15 16 1
16 16 5
40 16 1
60 16 1
80 16 1
100 16 1
113 16 2
114 16 2
115 16 2
116 16 2
155 16 1
164 16 1
178 16 1
197 16 1
204 16 -1
206 16 -1
17 17 5
18 17 1
19 17 1
20 17 1
24 17 1
44 17 1
64 17 1
84 17 1
117 17 2
118 17 2
119 17 2
120 17 2
151 17 1
156 17 1
166 17 1
181 17 1
205 17 -1
206 17 -1
17 18 1
18 18 5
19 18 1
20 18 1
28 18 1
48 18 1
68 18 1
88 18 1
117 18 2
118 18 2
119 18 2
120 18 2
152 18 1
158 18 1
169 18 1
185 18 1
205 18 -1
206 18 -1
17 19 1
18 19 1
19 19 5
20 19 1
32 19 1
52 19 1
72 19 1
92 19 1
117 19 2
118 19 2
119 19 2
120 19 2
153 19 1
160 19 1
172 19 1
189 19 1
205 19 -1
206 19 -1
17 20 1
18 20 1
19 20 1
20 20 5
36 20 1
56 20 1
76 20 1
96 20 1
117 20 2
118 20 2
119 20 2
120 20 2
154 20 1
162 20 1
175 20 1
193 20 1
205 20 -1
206 20 -1
5 21 1
21 21 5
22 21 1
23 21 1
24 21 1
45 21 1
65 21 1
85 21 1
105 21 1
121 21 2
122 21 2
123 21 2
151 21 2
159 21 1
170 21 1
186 21 1
201 21 -1
207 21 -1
9 22 1
21 22 1
22 22 5
23 22 1
24 22 1
49 22 1
69 22 1
89 22 1
109 22 1
121 22 2
122 22 2
123 22 2
151 22 2
161 22 1
173 22 1
190 22 1
201 22 -1
207 22 -1
13 23 1
21 23 1
22 23 1
23 23 5
24 23 1
53 23 1
73 23 1
93 23 1
113 23 1
121 23 2
122 23 2
123 23 2
151 23 2
163 23 1
176 23 1
194 23 1
201 23 -1
207 23 -1
17 24 1
21 24 1
22 24 1
23 24 1
24 24 5
57 24 1
77 24 1
97 24 1
117 24 1
121 24 2
122 24 2
123 24 2
151 24 2
165 24 1
179 24 1
198 24 1
201 24 -1
207 24 -1
1 25 1
25 25 5
26 25 1
27 25 1
28 25 1
41 25 1
61 25 1
81 25 1
101 25 1
124 25 2
125 25 2
126 25 2
152 25 2
157 25 1
167 25 1
182 25 1
202 25 -1
207 25 -1
10 26 1
25 26 1
26 26 5
27 26 1
28 26 1
50 26 1
70 26 1
90 26 1
109 26 1
124 26 2
125 26 2
126 26 2
152 26 2
161 26 1
173 26 1
190 26 1
202 26 -1
207 26 -1
14 27 1
25 27 1
26 27 1
27 27 5
28 27 1
54 27 1
74 27 1
94 27 1
113 27 1
124 27 2
125 27 2
126 27 2
152 27 2
163 27 1
176 27 1
194 27 1
202 27 -1
207 27 -1
18 28 1
25 28 1
26 28 1
27 28 1
28 28 5
58 28 1
78 28 1
98 28 1
117 28 1
124 28 2
125 28 2
126 28 2
152 28 2
165 28 1
179 28 1
198 28 1
202 28 -1
207 28 -1
2 29 1
29 29 5
30 29 1
31 29 1
32 29 1
42 29 1
62 29 1
82 29 1
101 29 1
127 29 2
128 29 2
129 29 2
153 29 2
157 29 1
167 29 1
182 29 1
203 29 -1
207 29 -1
6 30 1
29 30 1
30 30 5
31 30 1
32 30 1
46 30 1
66 30 1
86 30 1
105 30 1
127 30 2
128 30 2
129 30 2
153 30 2
159 30 1
170 30 1
186 30 1
203 30 -1
207 30 -1
15 31 1
29 31 1
30 31 1
31 31 5
32 31 1
55 31 1
75 31 1
95 31 1
113 31 1
127 31 2
128 31 2
129 31 2
153 31 2
163 31 1
176 31 1
194 31 1
203 31 -1
207 31 -1
19 32 1
29 32 1
30 32 1
31 32 1
32 32 5
59 32 1
79 32 1
99 32 1
117 32 1
127 32 2
128 32 2
129 32 2
153 32 2
165 32 1
179 32 1
198 32 1
203 32 -1
207 32 -1
3 33 1
33 33 5
34 33 1
35 33 1
36 33 1
43 33 1
63 33 1
83 33 1
101 33 1
130 33 2
131 33 2
132 33 2
154 33 2
157 33 1
167 33 1
182 33 1
204 33 -1
207 33 -1
7 34 1
33 34 1
34 34 5
35 34 1
36 34 1
47 34 1
67 34 1
87 34 1
105 34 1
130 34 2
131 34 2
132 34 2
154 34 2
159 34 1
170 34 1
186 34 1
204 34 -1
207 34 -1
11 35 1
33 35 1
34 35 1
35 35 5
36 35 1
51 35 1
71 35 1
91 35 1
109 35 1
130 35 2
131 35 2
132 35 2
154 35 2
161 35 1
173 35 1
190 35 1
204 35 -1
207 35 -1
20 36 1
33 36 1
34 36 1
35 36 1
36 36 5
60 36 1
80 36 1
100 36 1
117 36 1
130 36 2
131 36 2
132 36 2
154 36 2
165 36 1
179 36 1
198 36 1
204 36 -1
207 36 -1
4 37 1
37 37 5
38 37 1
39 37 1
40 37 1
44 37 1
64 37 1
84 37 1
101 37 1
133 37 2
134 37 2
135 37 2
155 37 2
157 37 1
167 37 1
182 37 1
205 37 -1
207 37 -1
8 38 1
37 38 1
38 38 5
39 38 1
40 38 1
48 38 1
68 38 1
88 38 1
105 38 1
133 38 2
134 38 2
135 38 2
155 38 2
159 38 1
170 38 1
186 38 1
205 38 -1
207 38 -1
12 39 1
37 39 1
38 39 1
39 39 5
40 39 1
52 39 1
72 39 1
92 39 1
109 39 1
133 39 2
134 39 2
135 39 2
155 39 2
161 39 1
173 39 1
190 39 1
205 39 -1
207 39 -1
16 40 1
37 40 1
38 40 1
39 40 1
40 40 5
56 40 1
76 40 1
96 40 1
113 40 1
133 40 2
134 40 2
135 40 2
155 40 2
163 40 1
176 40 1
194 40 1
205 40 -1
207 40 -1
5 41 1
25 41 1
41 41 5
42 41 1
43 41 1
44 41 1
65 41 1
85 41 1
106 41 1
124 41 1
136 41 2
137 41 2
156 41 2
157 41 2
171 41 1
187 41 1
201 41 -1
208 41 -1
9 42 1
29 42 1
41 42 1
42 42 5
43 42 1
44 42 1
69 42 1
89 42 1
110 42 1
127 42 1
136 42 2
137 42 2
156 42 2
157 42 2
174 42 1
191 42 1
201 42 -1
208 42 -1
13 43 1
33 43 1
41 43 1
42 43 1
43 43 5
44 43 1
73 43 1
93 43 1
114 43 1
130 43 1
136 43 2
137 43 2
156 43 2
157 43 2
177 43 1
195 43 1
201 43 -1
208 43 -1
17 44 1
37 44 1
41 44 1
42 44 1
43 44 1
44 44 5
77 44 1
97 44 1
118 44 1
133 44 1
136 44 2
137 44 2
156 44 2
157 44 2
180 44 1
199 44 1
201 44 -1
208 44 -1
1 45 1
21 45 1
45 45 5
46 45 1
47 45 1
48 45 1
61 45 1
81 45 1
102 45 1
121 45 1
138 45 2
139 45 2
158 45 2
159 45 2
168 45 1
183 45 1
202 45 -1
208 45 -1
10 46 1
30 46 1
45 46 1
46 46 5
47 46 1
48 46 1
70 46 1
90 46 1
110 46 1
127 46 1
138 46 2
139 46 2
158 46 2
159 46 2
174 46 1
191 46 1
202 46 -1
208 46 -1
14 47 1
34 47 1
45 47 1
46 47 1
47 47 5
48 47 1
74 47 1
94 47 1
114 47 1
130 47 1
138 47 2
139 47 2
158 47 2
159 47 2
177 47 1
195 47 1
202 47 -1
208 47 -1
18 48 1
38 48 1
45 48 1
46 48 1
47 48 1
48 48 5
78 48 1
98 48 1
118 48 1
133 48 1
138 48 2
139 48 2
158 48 2
159 48 2
180 48 1
199 48 1
202 48 -1
208 48 -1
2 49 1
22 49 1
49 49 5
50 49 1
51 49 1
52 49 1
62 49 1
82 49 1
102 49 1
121 49 1
140 49 2
141 49 2
160 49 2
161 49 2
168 49 1
183 49 1
203 49 -1
208 49 -1
6 50 1
26 50 1
49 50 1
50 50 5
51 50 1
52 50 1
66 50 1
86 50 1
106 50 1
124 50 1
140 50 2
141 50 2
160 50 2
161 50 2
171 50 1
187 50 1
203 50 -1
208 50 -1
15 51 1
35 51 1
49 51 1
50 51 1
51 51 5
52 51 1
75 51 1
95 51 1
114 51 1
130 51 1
140 51 2
141 51 2
160 51 2
161 51 2
177 51 1
195 51 1
203 51 -1
208 51 -1
19 52 1
39 52 1
49 52 1
50 52 1
51 52 1
52 52 5
79 52 1
99 52 1
118 52 1
133 52 1
140 52 2
141 52 2
160 52 2
161 52 2
180 52 1
199 52 1
203 52 -1
208 52 -1
3 53 1
23 53 1
53 53 5
54 53 1
55 53 1
56 53 1
63 53 1
83 53 1
102 53 1
121 53 1
142 53 2
143 53 2
162 53 2
163 53 2
168 53 1
183 53 1
204 53 -1
208 53 -1
7 54 1
27 54 1
53 54 1
54 54 5
55 54 1
56 54 1
67 54 1
87 54 1
106 54 1
124 54 1
142 54 2
143 54 2
162 54 2
163 54 2
171 54 1
187 54 1
204 54 -1
208 54 -1
11 55 1
31 55 1
53 55 1
54 55 1
55 55 5
56 55 1
71 55 1
91 55 1
110 55 1
127 55 1
142 55 2
143 55 2
162 55 2
163 55 2
174 55 1
191 55 1
204 55 -1
208 55 -1
20 56 1
40 56 1
53 56 1
54 56 1
55 56 1
56 56 5
80 56 1
100 56 1
118 56 1
133 56 1
142 56 2
143 56 2
162 56 2
163 56 2
180 56 1
199 56 1
204 56 -1
208 56 -1
4 57 1
24 57 1
57 57 5
58 57 1
59 57 1
60 57 1
64 57 1
84 57 1
102 57 1
121 57 1
144 57 2
145 57 2
164 57 2
165 57 2
168 57 1
183 57 1
205 57 -1
208 57 -1
8 58 1
28 58 1
57 58 1
58 58 5
59 58 1
60 58 1
68 58 1
88 58 1
106 58 1
124 58 1
144 58 2
145 58 2
164 58 2
165 58 2
171 58 1
187 58 1
205 58 -1
208 58 -1
12 59 1
32 59 1
57 59 1
58 59 1
59 59 5
60 59 1
72 59 1
92 59 1
110 59 1
127 59 1
144 59 2
145 59 2
164 59 2
165 59 2
174 59 1
191 59 1
205 59 -1
208 59 -1
16 60 1
36 60 1
57 60 1
58 60 1
59 60 1
60 60 5
76 60 1
96 60 1
114 60 1
130 60 1
144 60 2
145 60 2
164 60 2
165 60 2
177 60 1
195 60 1
205 60 -1
208 60 -1
5 61 1
25 61 1
45 61 1
61 61 5
62 61 1
63 61 1
64 61 1
85 61 1
107 61 1
125 61 1
138 61 1
146 61 2
166 61 2
167 61 2
168 61 2
188 61 1
201 61 -1
209 61 -1
9 62 1
29 62 1
49 62 1
61 62 1
62 62 5
63 62 1
64 62 1
89 62 1
111 62 1
128 62 1
140 62 1
146 62 2
166 62 2
167 62 2
168 62 2
192 62 1
201 62 -1
209 62 -1
13 63 1
33 63 1
53 63 1
61 63 1
62 63 1
63 63 5
64 63 1
93 63 1
115 63 1
131 63 1
142 63 1
146 63 2
166 63 2
167 63 2
168 63 2
196 63 1
201 63 -1
209 63 -1
17 64 1
37 64 1
57 64 1
61 64 1
62 64 1
63 64 1
64 64 5
97 64 1
119 64 1
134 64 1
144 64 1
146 64 2
166 64 2
167 64 2
168 64 2
200 64 1
201 64 -1
209 64 -1
1 65 1
21 65 1
41 65 1
65 65 5
66 65 1
67 65 1
68 65 1
81 65 1
103 65 1
122 65 1
136 65 1
147 65 2
169 65 2
170 65 2
171 65 2
184 65 1
202 65 -1
209 65 -1
10 66 1
30 66 1
50 66 1
65 66 1
66 66 5
67 66 1
68 66 1
90 66 1
111 66 1
128 66 1
140 66 1
147 66 2
169 66 2
170 66 2
171 66 2
192 66 1
202 66 -1
209 66 -1
14 67 1
34 67 1
54 67 1
65 67 1
66 67 1
67 67 5
68 67 1
94 67 1
115 67 1
131 67 1
142 67 1
147 67 2
169 67 2
170 67 2
171 67 2
196 67 1
202 67 -1
209 67 -1
18 68 1
38 68 1
58 68 1
65 68 1
66 68 1
67 68 1
68 68 5
98 68 1
119 68 1
134 68 1
144 68 1
147 68 2
169 68 2
170 68 2
171 68 2
200 68 1
202 68 -1
209 68 -1
2 69 1
22 69 1
42 69 1
69 69 5
70 69 1
71 69 1
72 69 1
82 69 1
103 69 1
122 69 1
136 69 1
148 69 2
172 69 2
173 69 2
174 69 2
184 69 1
203 69 -1
209 69 -1
6 70 1
26 70 1
46 70 1
69 70 1
70 70 5
71 70 1
72 70 1
86 70 1
107 70 1
125 70 1
138 70 1
148 70 2
172 70 2
173 70 2
174 70 2
188 70 1
203 70 -1
209 70 -1
15 71 1
35 71 1
55 71 1
69 71 1
70 71 1
71 71 5
72 71 1
95 71 1
115 71 1
131 71 1
142 71 1
148 71 2
172 71 2
173 71 2
174 71 2
196 71 1
203 71 -1
209 71 -1
19 72 1
39 72 1
59 72 1
69 72 1
70 72 1
71 72 1
72 72 5
99 72 1
119 72 1
134 72 1
144 72 1
148 72 2
172 72 2
173 72 2
174 72 2
200 72 1
203 72 -1
209 72 -1
3 73 1
23 73 1
43 73 1
73 73 5
74 73 1
75 73 1
76 73 1
83 73 1
103 73 1
122 73 1
136 73 1
149 73 2
175 73 2
176 73 2
177 73 2
184 73 1
204 73 -1
209 73 -1
7 74 1
27 74 1
47 74 1
73 74 1
74 74 5
75 74 1
76 74 1
87 74 1
107 74 1
125 74 1
138 74 1
149 74 2
175 74 2
176 74 2
177 74 2
188 74 1
204 74 -1
209 74 -1
11 75 1
31 75 1
51 75 1
73 75 1
74 75 1
75 75 5
76 75 1
91 75 1
111 75 1
128 75 1
140 75 1
149 75 2
175 75 2
176 75 2
177 75 2
192 75 1
204 75 -1
209 75 -1
20 76 1
40 76 1
60 76 1
73 76 1
74 76 1
75 76 1
76 76 5
100 76 1
119 76 1
134 76 1
144 76 1
149 76 2
175 76 2
176 76 2
177 76 2
200 76 1
204 76 -1
209 76 -1
4 77 1
24 77 1
44 77 1
77 77 5
78 77 1
79 77 1
80 77 1
84 77 1
103 77 1
122 77 1
136 77 1
150 77 2
178 77 2
179 77 2
180 77 2
184 77 1
205 77 -1
209 77 -1
8 78 1
28 78 1
48 78 1
77 78 1
78 78 5
79 78 1
80 78 1
88 78 1
107 78 1
125 78 1
138 78 1
150 78 2
178 78 2
179 78 2
180 78 2
188 78 1
205 78 -1
209 78 -1
12 79 1
32 79 1
52 79 1
77 79 1
78 79 1
79 79 5
80 79 1
92 79 1
111 79 1
128 79 1
140 79 1
150 79 2
178 79 2
179 79 2
180 79 2
192 79 1
205 79 -1
209 79 -1
16 80 1
36 80 1
56 80 1
77 80 1
78 80 1
79 80 1
80 80 5
96 80 1
115 80 1
131 80 1
142 80 1
150 80 2
178 80 2
179 80 2
180 80 2
196 80 1
205 80 -1
209 80 -1
5 81 1
25 81 1
45 81 1
65 81 1
81 81 5
82 81 1
83 81 1
84 81 1
108 81 1
126 81 1
139 81 1
147 81 1
181 81 2
182 81 2
183 81 2
184 81 2
201 81 -1
210 81 -1
9 82 1
29 82 1
49 82 1
69 82 1
81 82 1
82 82 5
83 82 1
84 82 1
112 82 1
129 82 1
141 82 1
148 82 1
181 82 2
182 82 2
183 82 2
184 82 2
201 82 -1
210 82 -1
13 83 1
33 83 1
53 83 1
73 83 1
81 83 1
82 83 1
83 83 5
84 83 1
116 83 1
132 83 1
143 83 1
149 83 1
181 83 2
182 83 2
183 83 2
184 83 2
201 83 -1
210 83 -1
17 84 1
37 84 1
57 84 1
77 84 1
81 84 1
82 84 1
83 84 1
84 84 5
120 84 1
135 84 1
145 84 1
150 84 1
181 84 2
182 84 2
183 84 2
184 84 2
201 84 -1
210 84 -1
1 85 1
21 85 1
41 85 1
61 85 1
85 85 5
86 85 1
87 85 1
88 85 1
104 85 1
123 85 1
137 85 1
146 85 1
185 85 2
186 85 2
187 85 2
188 85 2
202 85 -1
210 85 -1
10 86 1
30 86 1
50 86 1
70 86 1
85 86 1
86 86 5
87 86 1
88 86 1
112 86 1
129 86 1
141 86 1
148 86 1
185 86 2
186 86 2
187 86 2
188 86 2
202 86 -1
210 86 -1
14 87 1
34 87 1
54 87 1
74 87 1
85 87 1
86 87 1
87 87 5
88 87 1
116 87 1
132 87 1
143 87 1
149 87 1
185 87 2
186 87 2
187 87 2
188 87 2
202 87 -1
210 87 -1
18 88 1
38 88 1
58 88 1
78 88 1
85 88 1
86 88 1
87 88 1
88 88 5
120 88 1
135 88 1
145 88 1
150 88 1
185 88 2
186 88 2
187 88 2
188 88 2
202 88 -1
210 88 -1
2 89 1
22 89 1
42 89 1
62 89 1
89 89 5
90 89 1
91 89 1
92 89 1
104 89 1
123 89 1
137 89 1
146 89 1
189 89 2
190 89 2
191 89 2
192 89 2
203 89 -1
210 89 -1
6 90 1
26 90 1
46 90 1
66 90 1
89 90 1
90 90 5
91 90 1
92 90 1
108 90 1
126 90 1
139 90 1
147 90 1
189 90 2
190 90 2
191 90 2
192 90 2
203 90 -1
210 90 -1
15 91 1
35 91 1
55 91 1
75 91 1
89 91 1
90 91 1
91 91 5
92 91 1
116 91 1
132 91 1
143 91 1
149 91 1
189 91 2
190 91 2
191 91 2
192 91 2
203 91 -1
210 91 -1
19 92 1
39 92 1
59 92 1
79 92 1
89 92 1
90 92 1
91 92 1
92 92 5
120 92 1
135 92 1
145 92 1
150 92 1
189 92 2
190 92 2
191 92 2
192 92 2
203 92 -1
210 92 -1
3 93 1
23 93 1
43 93 1
63 93 1
93 93 5
94 93 1
95 93 1
96 93 1
104 93 1
123 93 1
137 93 1
146 93 1
193 93 2
194 93 2
195 93 2
196 93 2
204 93 -1
210 93 -1
7 94 1
27 94 1
47 94 1
67 94 1
93 94 1
94 94 5
95 94 1
96 94 1
108 94 1
126 94 1
139 94 1
147 94 1
193 94 2
194 94 2
195 94 2
196 94 2
204 94 -1
210 94 -1
11 95 1
31 95 1
51 95 1
71 95 1
93 95 1
94 95 1
95 95 5
96 95 1
112 95 1
129 95 1
141 95 1
148 95 1
193 95 2
194 95 2
195 95 2
196 95 2
204 95 -1
210 95 -1
20 96 1
40 96 1
60 96 1
80 96 1
93 96 1
94 96 1
95 96 1
96 96 5
120 96 1
135 96 1
145 96 1
150 96 1
193 96 2
194 96 2
195 96 2
196 96 2
204 96 -1
210 96 -1
4 97 1
24 97 1
44 97 1
64 97 1
97 97 5
98 97 1
99 97 1
100 97 1
104 97 1
123 97 1
137 97 1
146 97 1
197 97 2
198 97 2
199 97 2
200 97 2
205 97 -1
210 97 -1
8 98 1
28 98 1
48 98 1
68 98 1
97 98 1
98 98 5
99 98 1
100 98 1
108 98 1
126 98 1
139 98 1
147 98 1
197 98 2
198 98 2
199 98 2
200 98 2
205 98 -1
210 98 -1
12 99 1
32 99 1
52 99 1
72 99 1
97 99 1
98 99 1
99 99 5
100 99 1
112 99 1
129 99 1
141 99 1
148 99 1
197 99 2
198 99 2
199 99 2
200 99 2
205 99 -1
210 99 -1
16 100 1
36 100 1
56 100 1
76 100 1
97 100 1
98 100 1
99 100 1
100 100 5
116 100 1
132 100 1
143 100 1
149 100 1
197 100 2
198 100 2
199 100 2
200 100 2
205 100 -1
210 100 -1
1 101 2
2 101 2
3 101 2
4 101 2
25 101 1
29 101 1
33 101 1
37 101 1
101 101 5
102 101 1
103 101 1
104 101 1
152 101 1
153 101 1
154 101 1
155 101 1
201 101 -1
206 101 -1
1 102 2
2 102 2
3 102 2
4 102 2
45 102 1
49 102 1
53 102 1
57 102 1
101 102 1
102 102 5
103 102 1
104 102 1
158 102 1
160 102 1
162 102 1
164 102 1
201 102 -1
206 102 -1
1 103 2
2 103 2
3 103 2
4 103 2
65 103 1
69 103 1
73 103 1
77 103 1
101 103 1
102 103 1
103 103 5
104 103 1
169 103 1
172 103 1
175 103 1
178 103 1
201 103 -1
206 103 -1
1 104 2
2 104 2
3 104 2
4 104 2
85 104 1
89 104 1
93 104 1
97 104 1
101 104 1
102 104 1
103 104 1
104 104 5
185 104 1
189 104 1
193 104 1
197 104 1
201 104 -1
206 104 -1
5 105 2
6 105 2
7 105 2
8 105 2
21 105 1
30 105 1
34 105 1
38 105 1
105 105 5
106 105 1
107 105 1
108 105 1
151 105 1
153 105 1
154 105 1
155 105 1
202 105 -1
206 105 -1
5 106 2
6 106 2
7 106 2
8 106 2
41 106 1
50 106 1
54 106 1
58 106 1
105 106 1
106 106 5
107 106 1
108 106 1
156 106 1
160 106 1
162 106 1
164 106 1
202 106 -1
206 106 -1
5 107 2
6 107 2
7 107 2
8 107 2
61 107 1
70 107 1
74 107 1
78 107 1
105 107 1
106 107 1
107 107 5
108 107 1
166 107 1
172 107 1
175 107 1
178 107 1
202 107 -1
206 107 -1
5 108 2
6 108 2
7 108 2
8 108 2
81 108 1
90 108 1
94 108 1
98 108 1
105 108 1
106 108 1
107 108 1
108 108 5
181 108 1
189 108 1
193 108 1
197 108 1
202 108 -1
206 108 -1
9 109 2
10 109 2
11 109 2
12 109 2
22 109 1
26 109 1
35 109 1
39 109 1
109 109 5
110 109 1
111 109 1
112 109 1
151 109 1
152 109 1
154 109 1
155 109 1
203 109 -1
206 109 -1
9 110 2
10 110 2
11 110 2
12 110 2
42 110 1
46 110 1
55 110 1
59 110 1
109 110 1
110 110 5
111 110 1
112 110 1
156 110 1
158 110 1
162 110 1
164 110 1
203 110 -1
206 110 -1
9 111 2
10 111 2
11 111 2
12 111 2
62 111 1
66 111 1
75 111 1
79 111 1
109 111 1
110 111 1
111 111 5
112 111 1
166 111 1
169 111 1
175 111 1
178 111 1
203 111 -1
206 111 -1
9 112 2
10 112 2
11 112 2
12 112 2
82 112 1
86 112 1
95 112 1
99 112 1
109 112 1
110 112 1
111 112 1
112 112 5
181 112 1
185 112 1
193 112 1
197 112 1
203 112 -1
206 112 -1
13 113 2
14 113 2
15 113 2
16 113 2
23 113 1
27 113 1
31 113 1
40 113 1
113 113 5
114 113 1
115 113 1
116 113 1
151 113 1
152 113 1
153 113 1
155 113 1
204 113 -1
206 113 -1
13 114 2
14 114 2
15 114 2
16 114 2
43 114 1
47 114 1
51 114 1
60 114 1
113 114 1
114 114 5
115 114 1
116 114 1
156 114 1
158 114 1
160 114 1
164 114 1
204 114 -1
206 114 -1
13 115 2
14 115 2
15 115 2
16 115 2
63 115 1
67 115 1
71 115 1
80 115 1
113 115 1
114 115 1
115 115 5
116 115 1
166 115 1
169 115 1
172 115 1
178 115 1
204 115 -1
206 115 -1
13 116 2
14 116 2
15 116 2
16 116 2
83 116 1
87 116 1
91 116 1
100 116 1
113 116 1
114 116 1
115 116 1
116 116 5
181 116 1
185 116 1
189 116 1
197 116 1
204 116 -1
206 116 -1
17 117 2
18 117 2
19 117 2
20 117 2
24 117 1
28 117 1
32 117 1
36 117 1
117 117 5
118 117 1
119 117 1
120 117 1
151 117 1
152 117 1
153 117 1
154 117 1
205 117 -1
206 117 -1
17 118 2
18 118 2
19 118 2
20 118 2
44 118 1
48 118 1
52 118 1
56 118 1
117 118 1
118 118 5
119 118 1
120 118 1
156 118 1
158 118 1
160 118 1
162 118 1
205 118 -1
206 118 -1
17 119 2
18 119 2
19 119 2
20 119 2
64 119 1
68 119 1
72 119 1
76 119 1
117 119 1
118 119 1
119 119 5
120 119 1
166 119 1
169 119 1
172 119 1
175 119 1
205 119 -1
206 119 -1
17 120 2
18 120 2
19 120 2
20 120 2
84 120 1
88 120 1
92 120 1
96 120 1
117 120 1
118 120 1
119 120 1
120 120 5
181 120 1
185 120 1
189 120 1
193 120 1
205 120 -1
206 120 -1
21 121 2
22 121 2
23 121 2
24 121 2
45 121 1
49 121 1
53 121 1
57 121 1
121 121 5
122 121 1
123 121 1
151 121 1
159 121 1
161 121 1
163 121 1
165 121 1
201 121 -1
207 121 -1
21 122 2
22 122 2
23 122 2
24 122 2
65 122 1
69 122 1
73 122 1
77 122 1
121 122 1
122 122 5
123 122 1
151 122 1
170 122 1
173 122 1
176 122 1
179 122 1
201 122 -1
207 122 -1
21 123 2
22 123 2
23 123 2
24 123 2
85 123 1
89 123 1
93 123 1
97 123 1
121 123 1
122 123 1
123 123 5
151 123 1
186 123 1
190 123 1
194 123 1
198 123 1
201 123 -1
207 123 -1
25 124 2
26 124 2
27 124 2
28 124 2
41 124 1
50 124 1
54 124 1
58 124 1
124 124 5
125 124 1
126 124 1
152 124 1
157 124 1
161 124 1
163 124 1
165 124 1
202 124 -1
207 124 -1
25 125 2
26 125 2
27 125 2
28 125 2
61 125 1
70 125 1
74 125 1
78 125 1
124 125 1
125 125 5
126 125 1
152 125 1
167 125 1
173 125 1
176 125 1
179 125 1
202 125 -1
207 125 -1
25 126 2
26 126 2
27 126 2
28 126 2
81 126 1
90 126 1
94 126 1
98 126 1
124 126 1
125 126 1
126 126 5
152 126 1
182 126 1
190 126 1
194 126 1
198 126 1
202 126 -1
207 126 -1
29 127 2
30 127 2
31 127 2
32 127 2
42 127 1
46 127 1
55 127 1
59 127 1
127 127 5
128 127 1
129 127 1
153 127 1
157 127 1
159 127 1
163 127 1
165 127 1
203 127 -1
207 127 -1
29 128 2
30 128 2
31 128 2
32 128 2
62 128 1
66 128 1
75 128 1
79 128 1
127 128 1
128 128 5
129 128 1
153 128 1
167 128 1
170 128 1
176 128 1
179 128 1
203 128 -1
207 128 -1
29 129 2
30 129 2
31 129 2
32 129 2
82 129 1
86 129 1
95 129 1
99 129 1
127 129 1
128 129 1
129 129 5
153 129 1
182 129 1
186 129 1
194 129 1
198 129 1
203 129 -1
207 129 -1
33 130 2
34 130 2
35 130 2
36 130 2
43 130 1
47 130 1
51 130 1
60 130 1
130 130 5
131 130 1
132 130 1
154 130 1
157 130 1
159 130 1
161 130 1
165 130 1
204 130 -1
207 130 -1
33 131 2
34 131 2
35 131 2
36 131 2
63 131 1
67 131 1
71 131 1
80 131 1
130 131 1
131 131 5
132 131 1
154 131 1
167 131 1
170 131 1
173 131 1
179 131 1
204 131 -1
207 131 -1
33 132 2
34 132 2
35 132 2
36 132 2
83 132 1
87 132 1
91 132 1
100 132 1
130 132 1
131 132 1
132 132 5
154 132 1
182 132 1
186 132 1
190 132 1
198 132 1
204 132 -1
207 132 -1
37 133 2
38 133 2
39 133 2
40 133 2
44 133 1
48 133 1
52 133 1
56 133 1
133 133 5
134 133 1
135 133 1
155 133 1
157 133 1
159 133 1
161 133 1
163 133 1
205 133 -1
207 133 -1
37 134 2
38 134 2
39 134 2
40 134 2
64 134 1
68 134 1
72 134 1
76 134 1
133 134 1
134 134 5
135 134 1
155 134 1
167 134 1
170 134 1
173 134 1
176 134 1
205 134 -1
207 134 -1
37 135 2
38 135 2
39 135 2
40 135 2
84 135 1
88 135 1
92 135 1
96 135 1
133 135 1
134 135 1
135 135 5
155 135 1
182 135 1
186 135 1
190 135 1
194 135 1
205 135 -1
207 135 -1
41 136 2
42 136 2
43 136 2
44 136 2
65 136 1
69 136 1
73 136 1
77 136 1
136 136 5
137 136 1
156 136 1
157 136 1
171 136 1
174 136 1
177 136 1
180 136 1
201 136 -1
208 136 -1
41 137 2
42 137 2
43 137 2
44 137 2
85 137 1
89 137 1
93 137 1
97 137 1
136 137 1
137 137 5
156 137 1
157 137 1
187 137 1
191 137 1
195 137 1
199 137 1
201 137 -1
208 137 -1
45 138 2
46 138 2
47 138 2
48 138 2
61 138 1
70 138 1
74 138 1
78 138 1
138 138 5
139 138 1
158 138 1
159 138 1
168 138 1
174 138 1
177 138 1
180 138 1
202 138 -1
208 138 -1
45 139 2
46 139 2
47 139 2
48 139 2
81 139 1
90 139 1
94 139 1
98 139 1
138 139 1
139 139 5
158 139 1
159 139 1
183 139 1
191 139 1
195 139 1
199 139 1
202 139 -1
208 139 -1
49 140 2
50 140 2
51 140 2
52 140 2
62 140 1
66 140 1
75 140 1
79 140 1
140 140 5
141 140 1
160 140 1
161 140 1
168 140 1
171 140 1
177 140 1
180 140 1
203 140 -1
208 140 -1
49 141 2
50 141 2
51 141 2
52 141 2
82 141 1
86 141 1
95 141 1
99 141 1
140 141 1
141 141 5
160 141 1
161 141 1
183 141 1
187 141 1
195 141 1
199 141 1
203 141 -1
208 141 -1
53 142 2
54 142 2
55 142 2
56 142 2
63 142 1
67 142 1
71 142 1
80 142 1
142 142 5
143 142 1
162 142 1
163 142 1
168 142 1
171 142 1
174 142 1
180 142 1
204 142 -1
208 142 -1
53 143 2
54 143 2
55 143 2
56 143 2
83 143 1
87 143 1
91 143 1
100 143 1
142 143 1
143 143 5
162 143 1
163 143 1
183 143 1
187 143 1
191 143 1
199 143 1
204 143 -1
208 143 -1
57 144 2
58 144 2
59 144 2
60 144 2
64 144 1
68 144 1
72 144 1
76 144 1
144 144 5
145 144 1
164 144 1
165 144 1
168 144 1
171 144 1
174 144 1
177 144 1
205 144 -1
208 144 -1
57 145 2
58 145 2
59 145 2
60 145 2
84 145 1
88 145 1
92 145 1
96 145 1
144 145 1
145 145 5
164 145 1
165 145 1
183 145 1
187 145 1
191 145 1
195 145 1
205 145 -1
208 145 -1
61 146 2
62 146 2
63 146 2
64 146 2
85 146 1
89 146 1
93 146 1
97 146 1
146 146 5
166 146 1
167 146 1
168 146 1
188 146 1
192 146 1
196 146 1
200 146 1
201 146 -1
209 146 -1
65 147 2
66 147 2
67 147 2
68 147 2
81 147 1
90 147 1
94 147 1
98 147 1
147 147 5
169 147 1
170 147 1
171 147 1
184 147 1
192 147 1
196 147 1
200 147 1
202 147 -1
209 147 -1
69 148 2
70 148 2
71 148 2
72 148 2
82 148 1
86 148 1
95 148 1
99 148 1
148 148 5
172 148 1
173 148 1
174 148 1
184 148 1
188 148 1
196 148 1
200 148 1
203 148 -1
209 148 -1
73 149 2
74 149 2
75 149 2
76 149 2
83 149 1
87 149 1
91 149 1
100 149 1
149 149 5
175 149 1
176 149 1
177 149 1
184 149 1
188 149 1
192 149 1
200 149 1
204 149 -1
209 149 -1
77 150 2
78 150 2
79 150 2
80 150 2
84 150 1
88 150 1
92 150 1
96 150 1
150 150 5
178 150 1
179 150 1
180 150 1
184 150 1
188 150 1
192 150 1
196 150 1
205 150 -1
209 150 -1
5 151 1
9 151 1
13 151 1
17 151 1
21 151 2
22 151 2
23 151 2
24 151 2
105 151 1
109 151 1
113 151 1
117 151 1
121 151 1
122 151 1
123 151 1
151 151 5
201 151 -1
207 151 -1
1 152 1
10 152 1
14 152 1
18 152 1
25 152 2
26 152 2
27 152 2
28 152 2
101 152 1
109 152 1
113 152 1
117 152 1
124 152 1
125 152 1
126 152 1
152 152 5
202 152 -1
207 152 -1
2 153 1
6 153 1
15 153 1
19 153 1
29 153 2
30 153 2
31 153 2
32 153 2
101 153 1
105 153 1
113 153 1
117 153 1
127 153 1
128 153 1
129 153 1
153 153 5
203 153 -1
207 153 -1
3 154 1
7 154 1
11 154 1
20 154 1
33 154 2
34 154 2
35 154 2
36 154 2
101 154 1
105 154 1
109 154 1
117 154 1
130 154 1
131 154 1
132 154 1
154 154 5
204 154 -1
207 154 -1
4 155 1
8 155 1
12 155 1
16 155 1
37 155 2
38 155 2
39 155 2
40 155 2
101 155 1
105 155 1
109 155 1
113 155 1
133 155 1
134 155 1
135 155 1
155 155 5
205 155 -1
207 155 -1
5 156 1
9 156 1
13 156 1
17 156 1
41 156 2
42 156 2
43 156 2
44 156 2
106 156 1
110 156 1
114 156 1
118 156 1
136 156 1
137 156 1
156 156 5
157 156 1
201 156 -1
208 156 -1
25 157 1
29 157 1
33 157 1
37 157 1
41 157 2
42 157 2
43 157 2
44 157 2
124 157 1
127 157 1
130 157 1
133 157 1
136 157 1
137 157 1
156 157 1
157 157 5
201 157 -1
208 157 -1
1 158 1
10 158 1
14 158 1
18 158 1
45 158 2
46 158 2
47 158 2
48 158 2
102 158 1
110 158 1
114 158 1
118 158 1
138 158 1
139 158 1
158 158 5
159 158 1
202 158 -1
208 158 -1
21 159 1
30 159 1
34 159 1
38 159 1
45 159 2
46 159 2
47 159 2
48 159 2
121 159 1
127 159 1
130 159 1
133 159 1
138 159 1
139 159 1
158 159 1
159 159 5
202 159 -1
208 159 -1
2 160 1
6 160 1
15 160 1
19 160 1
49 160 2
50 160 2
51 160 2
52 160 2
102 160 1
106 160 1
114 160 1
118 160 1
140 160 1
141 160 1
160 160 5
161 160 1
203 160 -1
208 160 -1
22 161 1
26 161 1
35 161 1
39 161 1
49 161 2
50 161 2
51 161 2
52 161 2
121 161 1
124 161 1
130 161 1
133 161 1
140 161 1
141 161 1
160 161 1
161 161 5
203 161 -1
208 161 -1
3 162 1
7 162 1
11 162 1
20 162 1
53 162 2
54 162 2
55 162 2
56 162 2
102 162 1
106 162 1
110 162 1
118 162 1
142 162 1
143 162 1
162 162 5
163 162 1
204 162 -1
208 162 -1
23 163 1
27 163 1
31 163 1
40 163 1
53 163 2
54 163 2
55 163 2
56 163 2
121 163 1
124 163 1
127 163 1
133 163 1
142 163 1
143 163 1
162 163 1
163 163 5
204 163 -1
208 163 -1
4 164 1
8 164 1
12 164 1
16 164 1
57 164 2
58 164 2
59 164 2
60 164 2
102 164 1
106 164 1
110 164 1
114 164 1
144 164 1
145 164 1
164 164 5
165 164 1
205 164 -1
208 164 -1
24 165 1
28 165 1
32 165 1
36 165 1
57 165 2
58 165 2
59 165 2
60 165 2
121 165 1
124 165 1
127 165 1
130 165 1
144 165 1
145 165 1
164 165 1
165 165 5
205 165 -1
208 165 -1
5 166 1
9 166 1
13 166 1
17 166 1
61 166 2
62 166 2
63 166 2
64 166 2
107 166 1
111 166 1
115 166 1
119 166 1
146 166 1
166 166 5
167 166 1
168 166 1
201 166 -1
209 166 -1
25 167 1
29 167 1
33 167 1
37 167 1
61 167 2
62 167 2
63 167 2
64 167 2
125 167 1
128 167 1
131 167 1
134 167 1
146 167 1
166 167 1
167 167 5
168 167 1
201 167 -1
209 167 -1
45 168 1
49 168 1
53 168 1
57 168 1
61 168 2
62 168 2
63 168 2
64 168 2
138 168 1
140 168 1
142 168 1
144 168 1
146 168 1
166 168 1
167 168 1
168 168 5
201 168 -1
209 168 -1
1 169 1
10 169 1
14 169 1
18 169 1
65 169 2
66 169 2
67 169 2
68 169 2
103 169 1
111 169 1
115 169 1
119 169 1
147 169 1
169 169 5
170 169 1
171 169 1
202 169 -1
209 169 -1
21 170 1
30 170 1
34 170 1
38 170 1
65 170 2
66 170 2
67 170 2
68 170 2
122 170 1
128 170 1
131 170 1
134 170 1
147 170 1
169 170 1
170 170 5
171 170 1
202 170 -1
209 170 -1
41 171 1
50 171 1
54 171 1
58 171 1
65 171 2
66 171 2
67 171 2
68 171 2
136 171 1
140 171 1
142 171 1
144 171 1
147 171 1
169 171 1
170 171 1
171 171 5
202 171 -1
209 171 -1
2 172 1
6 172 1
15 172 1
19 172 1
69 172 2
70 172 2
71 172 2
72 172 2
103 172 1
107 172 1
115 172 1
119 172 1
148 172 1
172 172 5
173 172 1
174 172 1
203 172 -1
209 172 -1
22 173 1
26 173 1
35 173 1
39 173 1
69 173 2
70 173 2
71 173 2
72 173 2
122 173 1
125 173 1
131 173 1
134 173 1
148 173 1
172 173 1
173 173 5
174 173 1
203 173 -1
209 173 -1
42 174 1
46 174 1
55 174 1
59 174 1
69 174 2
70 174 2
71 174 2
72 174 2
136 174 1
138 174 1
142 174 1
144 174 1
148 174 1
172 174 1
173 174 1
174 174 5
203 174 -1
209 174 -1
3 175 1
7 175 1
11 175 1
20 175 1
73 175 2
74 175 2
75 175 2
76 175 2
103 175 1
107 175 1
111 175 1
119 175 1
149 175 1
175 175 5
176 175 1
177 175 1
204 175 -1
209 175 -1
23 176 1
27 176 1
31 176 1
40 176 1
73 176 2
74 176 2
75 176 2
76 176 2
122 176 1
125 176 1
128 176 1
134 176 1
149 176 1
175 176 1
176 176 5
177 176 1
204 176 -1
209 176 -1
43 177 1
47 177 1
51 177 1
60 177 1
73 177 2
74 177 2
75 177 2
76 177 2
136 177 1
138 177 1
140 177 1
144 177 1
149 177 1
175 177 1
176 177 1
177 177 5
204 177 -1
209 177 -1
4 178 1
8 178 1
12 178 1
16 178 1
77 178 2
78 178 2
79 178 2
80 178 2
103 178 1
107 178 1
111 178 1
115 178 1
150 178 1
178 178 5
179 178 1
180 178 1
205 178 -1
209 178 -1
24 179 1
28 179 1
32 179 1
36 179 1
77 179 2
78 179 2
79 179 2
80 179 2
122 179 1
125 179 1
128 179 1
131 179 1
150 179 1
178 179 1
179 179 5
180 179 1
205 179 -1
209 179 -1
44 180 1
48 180 1
52 180 1
56 180 1
77 180 2
78 180 2
79 180 2
80 180 2
136 180 1
138 180 1
140 180 1
142 180 1
150 180 1
178 180 1
179 180 1
180 180 5
205 180 -1
209 180 -1
5 181 1
9 181 1
13 181 1
17 181 1
81 181 2
82 181 2
83 181 2
84 181 2
108 181 1
112 181 1
116 181 1
120 181 1
181 181 5
182 181 1
183 181 1
184 181 1
201 181 -1
210 181 -1
25 182 1
29 182 1
33 182 1
37 182 1
81 182 2
82 182 2
83 182 2
84 182 2
126 182 1
129 182 1
132 182 1
135 182 1
181 182 1
182 182 5
183 182 1
184 182 1
201 182 -1
210 182 -1
45 183 1
49 183 1
53 183 1
57 183 1
81 183 2
82 183 2
83 183 2
84 183 2
139 183 1
141 183 1
143 183 1
145 183 1
181 183 1
182 183 1
183 183 5
184 183 1
201 183 -1
210 183 -1
65 184 1
69 184 1
73 184 1
77 184 1
81 184 2
82 184 2
83 184 2
84 184 2
147 184 1
148 184 1
149 184 1
150 184 1
181 184 1
182 184 1
183 184 1
184 184 5
201 184 -1
210 184 -1
1 185 1
10 185 1
14 185 1
18 185 1
85 185 2
86 185 2
87 185 2
88 185 2
104 185 1
112 185 1
116 185 1
120 185 1
185 185 5
186 185 1
187 185 1
188 185 1
202 185 -1
210 185 -1
21 186 1
30 186 1
34 186 1
38 186 1
85 186 2
86 186 2
87 186 2
88 186 2
123 186 1
129 186 1
132 186 1
135 186 1
185 186 1
186 186 5
187 186 1
188 186 1
202 186 -1
210 186 -1
41 187 1
50 187 1
54 187 1
58 187 1
85 187 2
86 187 2
87 187 2
88 187 2
137 187 1
141 187 1
143 187 1
145 187 1
185 187 1
186 187 1
187 187 5
188 187 1
202 187 -1
210 187 -1
61 188 1
70 188 1
74 188 1
78 188 1
85 188 2
86 188 2
87 188 2
88 188 2
146 188 1
148 188 1
149 188 1
150 188 1
185 188 1
186 188 1
187 188 1
188 188 5
202 188 -1
210 188 -1
2 189 1
6 189 1
15 189 1
19 189 1
89 189 2
90 189 2
91 189 2
92 189 2
104 189 1
108 189 1
116 189 1
120 189 1
189 189 5
190 189 1
191 189 1
192 189 1
203 189 -1
210 189 -1
22 190 1
26 190 1
35 190 1
39 190 1
89 190 2
90 190 2
91 190 2
92 190 2
123 190 1
126 190 1
132 190 1
135 190 1
189 190 1
190 190 5
191 190 1
192 190 1
203 190 -1
210 190 -1
42 191 1
46 191 1
55 191 1
59 191 1
89 191 2
90 191 2
91 191 2
92 191 2
137 191 1
139 191 1
143 191 1
145 191 1
189 191 1
190 191 1
191 191 5
192 191 1
203 191 -1
210 191 -1
62 192 1
66 192 1
75 192 1
79 192 1
89 192 2
90 192 2
91 192 2
92 192 2
146 192 1
147 192 1
149 192 1
150 192 1
189 192 1
190 192 1
191 192 1
192 192 5
203 192 -1
210 192 -1
3 193 1
7 193 1
11 193 1
20 193 1
93 193 2
94 193 2
95 193 2
96 193 2
104 193 1
108 193 1
112 193 1
120 193 1
193 193 5
194 193 1
195 193 1
196 193 1
204 193 -1
210 193 -1
23 194 1
27 194 1
31 194 1
40 194 1
93 194 2
94 194 2
95 194 2
96 194 2
123 194 1
126 194 1
129 194 1
135 194 1
193 194 1
194 194 5
195 194 1
196 194 1
204 194 -1
210 194 -1
43 195 1
47 195 1
51 195 1
60 195 1
93 195 2
94 195 2
95 195 2
96 195 2
137 195 1
139 195 1
141 195 1
145 195 1
193 195 1
194 195 1
195 195 5
196 195 1
204 195 -1
210 195 -1
63 196 1
67 196 1
71 196 1
80 196 1
93 196 2
94 196 2
95 196 2
96 196 2
146 196 1
147 196 1
148 196 1
150 196 1
193 196 1
194 196 1
195 196 1
196 196 5
204 196 -1
210 196 -1
4 197 1
8 197 1
12 197 1
16 197 1
97 197 2
98 197 2
99 197 2
100 197 2
104 197 1
108 197 1
112 197 1
116 197 1
197 197 5
198 197 1
199 197 1
200 197 1
205 197 -1
210 197 -1
24 198 1
28 198 1
32 198 1
36 198 1
97 198 2
98 198 2
99 198 2
100 198 2
123 198 1
126 198 1
129 198 1
132 198 1
197 198 1
198 198 5
199 198 1
200 198 1
205 198 -1
210 198 -1
44 199 1
48 199 1
52 199 1
56 199 1
97 199 2
98 199 2
99 199 2
100 199 2
137 199 1
139 199 1
141 199 1
143 199 1
197 199 1
198 199 1
199 199 5
200 199 1
205 199 -1
210 199 -1
64 200 1
68 200 1
72 200 1
76 200 1
97 200 2
98 200 2
99 200 2
100 200 2
146 200 1
147 200 1
148 200 1
149 200 1
197 200 1
198 200 1
199 200 1
200 200 5
205 200 -1
210 200 -1
1 201 -1
2 201 -1
3 201 -1
4 201 -1
21 201 -1
22 201 -1
23 201 -1
24 201 -1
41 201 -1
42 201 -1
43 201 -1
44 201 -1
61 201 -1
62 201 -1
63 201 -1
64 201 -1
81 201 -1
82 201 -1
83 201 -1
84 201 -1
101 201 -1
102 201 -1
103 201 -1
104 201 -1
121 201 -1
122 201 -1
123 201 -1
136 201 -1
137 201 -1
146 201 -1
151 201 -1
156 201 -1
157 201 -1
166 201 -1
167 201 -1
168 201 -1
181 201 -1
182 201 -1
183 201 -1
184 201 -1
201 201 5
206 201 1
207 201 1
208 201 1
209 201 1
210 201 1
5 202 -1
6 202 -1
7 202 -1
8 202 -1
25 202 -1
26 202 -1
27 202 -1
28 202 -1
45 202 -1
46 202 -1
47 202 -1
48 202 -1
65 202 -1
66 202 -1
67 202 -1
68 202 -1
85 202 -1
86 202 -1
87 202 -1
88 202 -1
105 202 -1
106 202 -1
107 202 -1
108 202 -1
124 202 -1
125 202 -1
126 202 -1
138 202 -1
139 202 -1
147 202 -1
152 202 -1
158 202 -1
159 202 -1
169 202 -1
170 202 -1
171 202 -1
185 202 -1
186 202 -1
187 202 -1
188 202 -1
202 202 5
206 202 1
207 202 1
208 202 1
209 202 1
210 202 1
9 203 -1
10 203 -1
11 203 -1
12 203 -1
29 203 -1
30 203 -1
31 203 -1
32 203 -1
49 203 -1
50 203 -1
51 203 -1
52 203 -1
69 203 -1
70 203 -1
71 203 -1
72 203 -1
89 203 -1
90 203 -1
91 203 -1
92 203 -1
109 203 -1
110 203 -1
111 203 -1
112 203 -1
127 203 -1
128 203 -1
129 203 -1
140 203 -1
141 203 -1
148 203 -1
153 203 -1
160 203 -1
161 203 -1
172 203 -1
173 203 -1
174 203 -1
189 203 -1
190 203 -1
191 203 -1
192 203 -1
203 203 5
206 203 1
207 203 1
208 203 1
209 203 1
210 203 1
13 204 -1
14 204 -1
15 204 -1
16 204 -1
33 204 -1
34 204 -1
35 204 -1
36 204 -1
53 204 -1
54 204 -1
55 204 -1
56 204 -1
73 204 -1
74 204 -1
75 204 -1
76 204 -1
93 204 -1
94 204 -1
95 204 -1
96 204 -1
113 204 -1
114 204 -1
115 204 -1
116 204 -1
130 204 -1
131 204 -1
132 204 -1
142 204 -1
143 204 -1
149 204 -1
154 204 -1
162 204 -1
163 204 -1
175 204 -1
176 204 -1
177 204 -1
193 204 -1
194 204 -1
195 204 -1
196 204 -1
204 204 5
206 204 1
207 204 1
208 204 1
209 204 1
210 204 1
17 205 -1
18 205 -1
19 205 -1
20 205 -1
37 205 -1
38 205 -1
39 205 -1
40 205 -1
57 205 -1
58 205 -1
59 205 -1
60 205 -1
77 205 -1
78 205 -1
79 205 -1
80 205 -1
97 205 -1
98 205 -1
99 205 -1
100 205 -1
117 205 -1
118 205 -1
119 205 -1
120 205 -1
133 205 -1
134 205 -1
135 205 -1
144 205 -1
145 205 -1
150 205 -1
155 205 -1
164 205 -1
165 205 -1
178 205 -1
179 205 -1
180 205 -1
197 205 -1
198 205 -1
199 205 -1
200 205 -1
205 205 5
206 205 1
207 205 1
208 205 1
209 205 1
210 205 1
1 206 -1
2 206 -1
3 206 -1
4 206 -1
5 206 -1
6 206 -1
7 206 -1
8 206 -1
9 206 -1
10 206 -1
11 206 -1
12 206 -1
13 206 -1
14 206 -1
15 206 -1
16 206 -1
17 206 -1
18 206 -1
19 206 -1
20 206 -1
101 206 -1
102 206 -1
103 206 -1
104 206 -1
105 206 -1
106 206 -1
107 206 -1
108 206 -1
109 206 -1
110 206 -1
111 206 -1
112 206 -1
113 206 -1
114 206 -1
115 206 -1
116 206 -1
117 206 -1
118 206 -1
119 206 -1
120 206 -1
201 206 1
202 206 1
203 206 1
204 206 1
205 206 1
206 206 5
21 207 -1
22 207 -1
23 207 -1
24 207 -1
25 207 -1
26 207 -1
27 207 -1
28 207 -1
29 207 -1
30 207 -1
31 207 -1
32 207 -1
33 207 -1
34 207 -1
35 207 -1
36 207 -1
37 207 -1
38 207 -1
39 207 -1
40 207 -1
121 207 -1
122 207 -1
123 207 -1
124 207 -1
125 207 -1
126 207 -1
127 207 -1
128 207 -1
129 207 -1
130 207 -1
131 207 -1
132 207 -1
133 207 -1
134 207 -1
135 207 -1
151 207 -1
152 207 -1
153 207 -1
154 207 -1
155 207 -1
201 207 1
202 207 1
203 207 1
204 207 1
205 207 1
207 207 5
41 208 -1
42 208 -1
43 208 -1
44 208 -1
45 208 -1
46 208 -1
47 208 -1
48 208 -1
49 208 -1
50 208 -1
51 208 -1
52 208 -1
53 208 -1
54 208 -1
55 208 -1
56 208 -1
57 208 -1
58 208 -1
59 208 -1
60 208 -1
136 208 -1
137 208 -1
138 208 -1
139 208 -1
140 208 -1
141 208 -1
142 208 -1
143 208 -1
144 208 -1
145 208 -1
156 208 -1
157 208 -1
158 208 -1
159 208 -1
160 208 -1
161 208 -1
162 208 -1
163 208 -1
164 208 -1
165 208 -1
201 208 1
202 208 1
203 208 1
204 208 1
205 208 1
208 208 5
61 209 -1
62 209 -1
63 209 -1
64 209 -1
65 209 -1
66 209 -1
67 209 -1
68 209 -1
69 209 -1
70 209 -1
71 209 -1
72 209 -1
73 209 -1
74 209 -1
75 209 -1
76 209 -1
77 209 -1
78 209 -1
79 209 -1
80 209 -1
146 209 -1
147 209 -1
148 209 -1
149 209 -1
150 209 -1
166 209 -1
167 209 -1
168 209 -1
169 209 -1
170 209 -1
171 209 -1
172 209 -1
173 209 -1
174 209 -1
175 209 -1
176 209 -1
177 209 -1
178 209 -1
179 209 -1
180 209 -1
201 209 1
202 209 1
203 209 1
204 209 1
205 209 1
209 209 5
81 210 -1
82 210 -1
83 210 -1
84 210 -1
85 210 -1
86 210 -1
87 210 -1
88 210 -1
89 210 -1
90 210 -1
91 210 -1
92 210 -1
93 210 -1
94 210 -1
95 210 -1
96 210 -1
97 210 -1
98 210 -1
99 210 -1
100 210 -1
181 210 -1
182 210 -1
183 210 -1
184 210 -1
185 210 -1
186 210 -1
187 210 -1
188 210 -1
189 210 -1
190 210 -1
191 210 -1
192 210 -1
193 210 -1
194 210 -1
195 210 -1
196 210 -1
197 210 -1
198 210 -1
199 210 -1
200 210 -1
201 210 1
202 210 1
203 210 1
204 210 1
205 210 1
210 210 5
