 1  1 1
 6  1 1
 7  1 1
13  1 1
14  1 1
18  1 1
19  1 1
20  1 1
22  1 1
 2  2 1
 9  2 1
10  2 1
14  2 1
15  2 1
18  2 1
 3  3 1
 7  3 1
12  3 1
21  3 1
22  3 1
23  3 1
 4  4 1
 8  4 1
11  4 1
16  4 1
19  4 1
20  4 1
 5  5 1
 8  5 1
10  5 1
15  5 1
16  5 1
17  5 1
 1  6 1
 6  6 1
 7  6 1
13  6 1
14  6 1
18  6 1
 1  7 1
 3  7 1
 6  7 1
 7  7 1
12  7 1
13  7 1
20  7 1
22  7 1
24  7 1
 4  8 1
 5  8 1
 8  8 1
10  8 1
15  8 1
16  8 1
17  8 1
18  8 1
19  8 1
 2  9 1
 9  9 1
10  9 1
15  9 1
 2 10 1
 5 10 1
 8 10 1
 9 10 1
10 10 1
14 10 1
15 10 1
18 10 1
19 10 1
 4 11 1
11 11 1
19 11 1
20 11 1
21 11 1
22 11 1
 3 12 1
 7 12 1
12 12 1
13 12 1
22 12 1
24 12 1
 1 13 1
 6 13 1
 7 13 1
12 13 1
13 13 1
24 13 1
 1 14 1
 2 14 1
 6 14 1
10 14 1
14 14 1
18 14 1
 2 15 1
 5 15 1
 8 15 1
 9 15 1
10 15 1
15 15 1
 4 16 1
 5 16 1
 8 16 1
16 16 1
17 16 1
19 16 1
 5 17 1
 8 17 1
16 17 1
17 17 1
 1 18 1
 2 18 1
 6 18 1
 8 18 1
10 18 1
14 18 1
18 18 1
19 18 1
20 18 1
 1 19 1
 4 19 1
 8 19 1
10 19 1
11 19 1
16 19 1
18 19 1
19 19 1
20 19 1
 1 20 1
 4 20 1
 7 20 1
11 20 1
18 20 1
19 20 1
20 20 1
21 20 1
22 20 1
 3 21 1
11 21 1
20 21 1
21 21 1
22 21 1
23 21 1
 1 22 1
 3 22 1
 7 22 1
11 22 1
12 22 1
20 22 1
21 22 1
22 22 1
23 22 1
 3 23 1
21 23 1
22 23 1
23 23 1
 7 24 1
12 24 1
13 24 1
24 24 1
